2, 1457670968.99, 3, 0, recieved, 0, 2
2, 1457670969.24, 4, 0, internal
2, 1457670969.49, 5, 0, internal
2, 1457670969.74, 6, 0, recieved, 0, 5
2, 1457670969.99, 7, 0, internal
2, 1457670970.24, 8, 0, internal
2, 1457670970.49, 9, 0, internal
2, 1457670970.74, 10, 0, internal
2, 1457670970.99, 11, 0, internal
2, 1457670971.24, 12, 0, sent, 1
2, 1457670971.49, 13, 0, sent, 3
2, 1457670971.74, 14, 0, sent, 3
2, 1457670971.99, 18, 0, recieved, 0, 17
2, 1457670972.24, 19, 0, internal
2, 1457670972.49, 20, 0, recieved, 0, 19
2, 1457670972.74, 21, 0, internal
2, 1457670972.99, 22, 0, internal
2, 1457670973.24, 23, 0, internal
2, 1457670973.49, 24, 0, sent, 1
2, 1457670973.74, 25, 0, sent, 2
2, 1457670973.99, 27, 1, recieved, 0, 26
2, 1457670974.24, 28, 0, recieved, 0, 27
2, 1457670974.49, 29, 0, internal
2, 1457670974.74, 31, 0, recieved, 0, 30
2, 1457670974.99, 32, 0, internal
2, 1457670975.24, 33, 0, internal
2, 1457670975.49, 34, 0, internal
2, 1457670975.74, 35, 0, internal
2, 1457670975.99, 36, 0, internal
2, 1457670976.24, 37, 0, internal
2, 1457670976.49, 41, 0, recieved, 0, 40
2, 1457670976.74, 42, 0, internal
2, 1457670976.99, 44, 0, recieved, 0, 43
2, 1457670977.24, 45, 0, recieved, 1, 42
2, 1457670977.49, 46, 0, sent, 3
2, 1457670977.74, 47, 0, internal
2, 1457670977.99, 48, 0, internal
2, 1457670978.24, 49, 0, sent, 2
2, 1457670978.49, 50, 0, internal
2, 1457670978.74, 51, 0, internal
2, 1457670978.99, 52, 0, sent, 3
2, 1457670979.24, 53, 0, sent, 1
2, 1457670979.49, 54, 0, internal
2, 1457670979.74, 56, 0, recieved, 1, 55
2, 1457670979.99, 57, 0, internal
2, 1457670980.24, 58, 0, internal
2, 1457670980.49, 59, 0, internal
2, 1457670980.74, 60, 0, internal
2, 1457670980.99, 65, 0, recieved, 1, 64
2, 1457670981.24, 66, 0, internal
2, 1457670981.49, 67, 0, internal
2, 1457670981.74, 68, 0, sent, 2
2, 1457670981.99, 69, 0, internal
2, 1457670982.24, 70, 0, internal
2, 1457670982.49, 71, 0, internal
2, 1457670982.74, 72, 0, recieved, 1, 71
2, 1457670982.99, 74, 1, recieved, 0, 73
2, 1457670983.24, 75, 1, recieved, 0, 74
2, 1457670983.49, 76, 0, recieved, 0, 75
2, 1457670983.74, 77, 0, internal
2, 1457670983.99, 79, 0, recieved, 0, 78
2, 1457670984.24, 80, 0, internal
2, 1457670984.49, 81, 0, internal
2, 1457670984.74, 83, 0, recieved, 0, 82
2, 1457670984.99, 84, 0, recieved, 0, 83
2, 1457670985.24, 85, 0, internal
2, 1457670985.49, 86, 0, sent, 1
2, 1457670985.74, 87, 0, internal
2, 1457670985.99, 88, 0, internal
2, 1457670986.24, 89, 0, internal
2, 1457670986.49, 90, 0, internal
2, 1457670986.74, 91, 0, sent, 3
2, 1457670986.99, 92, 0, sent, 1
2, 1457670987.24, 93, 0, internal
2, 1457670987.49, 94, 0, internal
2, 1457670987.74, 98, 0, recieved, 0, 97
2, 1457670987.99, 99, 0, internal
2, 1457670988.24, 100, 0, sent, 3
2, 1457670988.49, 101, 0, internal
2, 1457670988.74, 102, 0, sent, 3
2, 1457670988.99, 103, 0, internal
2, 1457670989.24, 104, 0, internal
2, 1457670989.49, 107, 0, recieved, 0, 106
2, 1457670989.74, 108, 0, recieved, 0, 107
2, 1457670989.99, 110, 0, recieved, 0, 109
2, 1457670990.24, 111, 0, sent, 3
2, 1457670990.49, 112, 0, sent, 2
2, 1457670990.74, 113, 0, internal
2, 1457670990.99, 114, 0, sent, 2
2, 1457670991.24, 115, 0, internal
2, 1457670991.49, 116, 0, internal
2, 1457670991.74, 117, 0, internal
2, 1457670991.99, 120, 1, recieved, 0, 119
2, 1457670992.24, 121, 1, recieved, 0, 120
2, 1457670992.49, 122, 0, recieved, 0, 121
2, 1457670992.74, 123, 0, internal
2, 1457670992.99, 124, 0, recieved, 1, 123
2, 1457670993.24, 125, 0, internal
2, 1457670993.49, 126, 1, recieved, 1, 124
2, 1457670993.74, 128, 1, recieved, 0, 127
2, 1457670993.99, 129, 2, recieved, 1, 125
2, 1457670994.24, 131, 1, recieved, 0, 130
2, 1457670994.49, 132, 0, recieved, 1, 126
2, 1457670994.74, 134, 0, recieved, 0, 133
2, 1457670994.99, 136, 0, recieved, 0, 135
2, 1457670995.24, 137, 0, sent, 1
2, 1457670995.49, 138, 0, internal
2, 1457670995.74, 139, 0, internal
2, 1457670995.99, 140, 0, internal
2, 1457670996.24, 141, 0, internal
2, 1457670996.49, 144, 0, recieved, 0, 143
2, 1457670996.74, 145, 0, internal
2, 1457670996.99, 146, 0, sent, 3
2, 1457670997.24, 147, 0, sent, 1
2, 1457670997.49, 148, 0, internal
2, 1457670997.75, 149, 0, internal
2, 1457670997.99, 150, 0, internal
2, 1457670998.24, 151, 0, sent, 1
2, 1457670998.49, 152, 0, sent, 2
2, 1457670998.74, 153, 0, sent, 3
2, 1457670998.99, 154, 0, internal
2, 1457670999.24, 155, 0, internal
2, 1457670999.49, 156, 0, sent, 2
2, 1457670999.74, 157, 0, internal
2, 1457670999.99, 161, 1, recieved, 0, 160
2, 1457671000.24, 162, 0, recieved, 0, 161
2, 1457671000.49, 164, 0, recieved, 0, 163
2, 1457671000.74, 165, 0, internal
2, 1457671000.99, 166, 0, internal
2, 1457671001.24, 167, 0, sent, 2
2, 1457671001.49, 168, 0, internal
2, 1457671001.74, 169, 0, internal
2, 1457671001.99, 170, 0, sent, 1
2, 1457671002.24, 171, 0, internal
2, 1457671002.49, 173, 0, recieved, 1, 172
2, 1457671002.74, 174, 0, internal
2, 1457671002.99, 175, 0, sent, 3
2, 1457671003.24, 176, 0, internal
2, 1457671003.49, 179, 0, recieved, 0, 178
2, 1457671003.74, 180, 0, internal
2, 1457671003.99, 181, 0, internal
2, 1457671004.24, 182, 0, recieved, 1, 180
2, 1457671004.49, 183, 0, recieved, 1, 181
2, 1457671004.74, 184, 0, internal
2, 1457671004.99, 185, 0, sent, 2
2, 1457671005.24, 186, 0, internal
2, 1457671005.49, 187, 0, internal
2, 1457671005.74, 188, 0, internal
2, 1457671005.99, 189, 0, internal
2, 1457671006.24, 190, 0, internal
2, 1457671006.49, 191, 0, sent, 3
2, 1457671006.74, 192, 0, sent, 2
2, 1457671006.99, 197, 0, recieved, 0, 196
2, 1457671007.24, 198, 0, recieved, 0, 197
2, 1457671007.49, 199, 0, recieved, 0, 198
2, 1457671007.74, 200, 0, internal
2, 1457671007.99, 201, 0, internal
2, 1457671008.24, 202, 0, internal
2, 1457671008.49, 203, 0, internal
2, 1457671008.74, 204, 0, recieved, 1, 202
2, 1457671008.99, 207, 0, recieved, 0, 206
2, 1457671009.24, 208, 0, internal
2, 1457671009.49, 209, 0, recieved, 0, 208
2, 1457671009.74, 210, 0, internal
2, 1457671009.99, 211, 0, recieved, 0, 210
2, 1457671010.24, 212, 0, sent, 1
2, 1457671010.49, 213, 0, internal
2, 1457671010.74, 215, 0, recieved, 0, 214
2, 1457671010.99, 216, 1, recieved, 0, 215
2, 1457671011.24, 217, 0, recieved, 0, 216
2, 1457671011.49, 218, 0, sent, 2
2, 1457671011.74, 220, 0, recieved, 0, 219
2, 1457671011.99, 221, 1, recieved, 0, 220
2, 1457671012.24, 222, 0, recieved, 0, 221
2, 1457671012.49, 223, 0, internal
2, 1457671012.74, 224, 0, internal
2, 1457671012.99, 225, 0, internal
2, 1457671013.24, 226, 0, internal
2, 1457671013.49, 229, 0, recieved, 0, 228
2, 1457671013.74, 230, 0, internal
2, 1457671013.99, 231, 0, recieved, 0, 230
2, 1457671014.24, 232, 0, internal
2, 1457671014.49, 234, 0, recieved, 0, 233
2, 1457671014.74, 235, 0, recieved, 0, 234
2, 1457671014.99, 236, 0, recieved, 0, 235
2, 1457671015.24, 237, 0, internal
2, 1457671015.49, 238, 0, internal
2, 1457671015.74, 240, 0, recieved, 0, 239
2, 1457671015.99, 241, 0, internal
2, 1457671016.24, 242, 0, internal
2, 1457671016.49, 243, 0, internal
2, 1457671016.74, 244, 0, internal
2, 1457671016.99, 245, 0, sent, 1
2, 1457671017.24, 246, 0, sent, 2
2, 1457671017.49, 249, 0, recieved, 0, 248
2, 1457671017.74, 250, 0, internal
2, 1457671017.99, 251, 0, sent, 3
2, 1457671018.24, 252, 0, sent, 2
2, 1457671018.49, 253, 0, internal
2, 1457671018.74, 254, 0, internal
2, 1457671018.99, 255, 0, internal
2, 1457671019.24, 256, 0, internal
2, 1457671019.49, 259, 0, recieved, 0, 258
2, 1457671019.74, 260, 0, internal
2, 1457671019.99, 261, 1, recieved, 0, 260
2, 1457671020.24, 262, 1, recieved, 0, 261
2, 1457671020.49, 263, 0, recieved, 0, 262
2, 1457671020.74, 264, 0, internal
2, 1457671020.99, 265, 0, sent, 2
2, 1457671021.24, 266, 0, sent, 3
2, 1457671021.49, 267, 0, sent, 1
2, 1457671021.74, 268, 0, internal
2, 1457671021.99, 269, 0, sent, 1
2, 1457671022.24, 270, 0, internal
2, 1457671022.49, 271, 0, internal
2, 1457671022.74, 272, 0, sent, 3
2, 1457671022.99, 273, 0, internal
2, 1457671023.24, 274, 0, sent, 3
2, 1457671023.49, 275, 0, internal
2, 1457671023.74, 276, 0, internal
2, 1457671023.99, 282, 0, recieved, 0, 281
2, 1457671024.24, 283, 0, internal
2, 1457671024.49, 284, 0, internal
2, 1457671024.74, 285, 0, internal
2, 1457671024.99, 286, 0, internal
2, 1457671025.24, 288, 0, recieved, 0, 287
2, 1457671025.49, 289, 0, internal
2, 1457671025.74, 290, 0, recieved, 0, 289
2, 1457671025.99, 292, 0, recieved, 0, 291
2, 1457671026.24, 293, 0, internal
2, 1457671026.49, 294, 0, internal
2, 1457671026.74, 295, 0, sent, 3
2, 1457671026.99, 296, 0, sent, 2
2, 1457671027.24, 297, 0, internal
2, 1457671027.49, 298, 0, internal
2, 1457671027.74, 299, 0, sent, 1
2, 1457671027.99, 300, 0, sent, 3
2, 1457671028.24, 301, 0, internal
2, 1457671028.49, 305, 0, recieved, 0, 304
2, 1457671028.74, 306, 0, internal
