1, 1457671511.85, 2, 0, internal
1, 1457671512.19, 3, 0, internal
1, 1457671512.51, 4, 0, internal
1, 1457671512.85, 5, 0, internal
1, 1457671513.18, 6, 0, internal
1, 1457671513.52, 7, 0, internal
1, 1457671513.85, 8, 0, recieved, 2, 7
1, 1457671514.18, 9, 0, internal
1, 1457671514.52, 10, 0, internal
1, 1457671514.85, 11, 0, internal
1, 1457671515.18, 12, 0, internal
1, 1457671515.52, 13, 0, internal
1, 1457671515.85, 14, 0, internal
1, 1457671516.18, 15, 0, internal
1, 1457671516.52, 16, 0, internal
1, 1457671516.85, 17, 0, recieved, 0, 14
1, 1457671517.18, 18, 0, internal
1, 1457671517.52, 19, 0, internal
1, 1457671517.85, 20, 0, internal
1, 1457671518.18, 21, 0, sent, 1
1, 1457671518.51, 22, 0, internal
1, 1457671518.85, 23, 0, internal
1, 1457671519.18, 24, 0, recieved, 2, 23
1, 1457671519.51, 25, 0, internal
1, 1457671519.85, 26, 0, internal
1, 1457671520.18, 27, 0, internal
1, 1457671520.52, 28, 0, internal
1, 1457671520.85, 29, 0, internal
1, 1457671521.18, 30, 0, internal
1, 1457671521.52, 31, 0, internal
1, 1457671521.85, 32, 0, recieved, 2, 31
1, 1457671522.18, 33, 0, recieved, 2, 32
1, 1457671522.52, 34, 0, sent, 3
1, 1457671522.85, 35, 0, internal
1, 1457671523.18, 36, 0, internal
1, 1457671523.52, 37, 0, internal
1, 1457671523.85, 38, 0, sent, 2
1, 1457671524.18, 39, 0, internal
1, 1457671524.51, 40, 0, internal
1, 1457671524.85, 41, 0, sent, 1
1, 1457671525.18, 43, 0, recieved, 2, 42
1, 1457671525.51, 44, 0, sent, 3
1, 1457671525.85, 45, 0, internal
1, 1457671526.18, 46, 0, internal
1, 1457671526.52, 47, 0, sent, 3
1, 1457671526.85, 48, 0, internal
1, 1457671527.18, 49, 0, internal
1, 1457671527.52, 50, 0, internal
1, 1457671527.85, 51, 0, internal
1, 1457671528.18, 52, 0, internal
1, 1457671528.52, 53, 0, internal
1, 1457671528.85, 54, 0, internal
1, 1457671529.18, 55, 0, internal
1, 1457671529.51, 57, 1, recieved, 2, 56
1, 1457671529.85, 58, 0, recieved, 0, 53
1, 1457671530.18, 59, 0, sent, 2
1, 1457671530.52, 60, 0, sent, 3
1, 1457671530.85, 61, 0, internal
1, 1457671531.18, 62, 0, internal
1, 1457671531.51, 63, 0, internal
1, 1457671531.85, 64, 0, internal
1, 1457671532.18, 65, 0, internal
1, 1457671532.52, 66, 0, internal
1, 1457671532.85, 67, 0, internal
1, 1457671533.18, 68, 0, internal
1, 1457671533.52, 69, 0, internal
1, 1457671533.85, 70, 0, sent, 1
1, 1457671534.18, 71, 0, internal
1, 1457671534.51, 72, 0, internal
1, 1457671534.85, 73, 0, sent, 3
1, 1457671535.18, 74, 0, internal
1, 1457671535.52, 75, 0, internal
1, 1457671535.85, 76, 0, sent, 2
1, 1457671536.18, 77, 0, internal
1, 1457671536.51, 78, 0, internal
1, 1457671536.85, 79, 0, sent, 2
1, 1457671537.18, 80, 0, internal
1, 1457671537.52, 81, 0, recieved, 0, 79
1, 1457671537.85, 82, 0, internal
1, 1457671538.18, 83, 0, internal
1, 1457671538.51, 84, 0, recieved, 0, 81
1, 1457671538.85, 85, 0, internal
1, 1457671539.18, 86, 0, sent, 2
1, 1457671539.52, 87, 0, internal
1, 1457671539.85, 88, 0, sent, 1
1, 1457671540.18, 89, 0, sent, 2
1, 1457671540.52, 90, 0, internal
1, 1457671540.85, 91, 0, internal
1, 1457671541.18, 92, 0, internal
1, 1457671541.52, 93, 0, internal
1, 1457671541.85, 94, 0, internal
1, 1457671542.18, 95, 0, internal
1, 1457671542.52, 97, 1, recieved, 2, 96
1, 1457671542.85, 98, 0, recieved, 0, 93
1, 1457671543.18, 99, 0, internal
1, 1457671543.52, 100, 0, recieved, 0, 95
1, 1457671543.85, 101, 0, recieved, 0, 96
1, 1457671544.18, 102, 0, internal
1, 1457671544.52, 103, 0, sent, 2
1, 1457671544.85, 104, 0, sent, 1
1, 1457671545.18, 106, 0, recieved, 2, 105
1, 1457671545.52, 107, 0, internal
1, 1457671545.85, 108, 0, internal
1, 1457671546.18, 109, 0, sent, 3
1, 1457671546.52, 110, 0, sent, 3
1, 1457671546.85, 111, 0, sent, 3
1, 1457671547.18, 112, 0, internal
1, 1457671547.52, 113, 0, internal
1, 1457671547.85, 114, 0, sent, 1
1, 1457671548.18, 115, 0, internal
1, 1457671548.52, 116, 0, internal
1, 1457671548.85, 118, 0, recieved, 2, 117
1, 1457671549.18, 119, 0, sent, 2
1, 1457671549.52, 120, 0, sent, 3
1, 1457671549.85, 121, 0, internal
1, 1457671550.18, 122, 0, internal
1, 1457671550.52, 123, 0, sent, 2
1, 1457671550.85, 124, 0, internal
1, 1457671551.18, 125, 0, internal
1, 1457671551.52, 126, 0, internal
1, 1457671551.85, 127, 0, internal
1, 1457671552.18, 128, 0, internal
1, 1457671552.52, 129, 0, internal
1, 1457671552.85, 131, 0, recieved, 2, 130
1, 1457671553.18, 132, 0, recieved, 2, 131
1, 1457671553.51, 133, 0, sent, 3
1, 1457671553.85, 134, 0, internal
1, 1457671554.18, 135, 0, internal
1, 1457671554.52, 136, 0, internal
1, 1457671554.85, 137, 0, internal
1, 1457671555.18, 138, 0, internal
1, 1457671555.52, 139, 0, sent, 2
1, 1457671555.85, 140, 0, internal
1, 1457671556.18, 142, 0, recieved, 2, 141
1, 1457671556.52, 143, 0, internal
1, 1457671556.85, 144, 0, internal
1, 1457671557.18, 145, 0, sent, 2
1, 1457671557.51, 146, 0, internal
1, 1457671557.85, 147, 0, internal
1, 1457671558.18, 148, 0, internal
1, 1457671558.52, 149, 0, sent, 3
1, 1457671558.85, 150, 0, internal
1, 1457671559.18, 151, 0, internal
1, 1457671559.51, 152, 0, recieved, 0, 151
1, 1457671559.85, 153, 0, internal
1, 1457671560.18, 154, 0, internal
1, 1457671560.52, 155, 0, internal
1, 1457671560.85, 156, 0, internal
1, 1457671561.18, 157, 0, internal
1, 1457671561.52, 158, 0, internal
1, 1457671561.85, 159, 0, internal
1, 1457671562.18, 160, 0, internal
1, 1457671562.51, 161, 0, sent, 3
1, 1457671562.85, 162, 0, internal
1, 1457671563.18, 163, 0, internal
1, 1457671563.51, 165, 0, recieved, 2, 164
1, 1457671563.85, 166, 0, internal
1, 1457671564.18, 167, 0, recieved, 2, 166
1, 1457671564.52, 168, 0, recieved, 2, 167
1, 1457671564.85, 169, 0, recieved, 2, 168
1, 1457671565.18, 170, 0, recieved, 2, 169
1, 1457671565.52, 171, 0, internal
1, 1457671565.85, 172, 0, internal
1, 1457671566.18, 173, 0, sent, 1
1, 1457671566.52, 174, 0, internal
1, 1457671566.85, 175, 0, internal
1, 1457671567.18, 176, 0, internal
1, 1457671567.51, 177, 0, recieved, 0, 176
1, 1457671567.85, 178, 0, recieved, 0, 177
1, 1457671568.18, 179, 0, internal
1, 1457671568.52, 180, 0, internal
1, 1457671568.85, 181, 0, sent, 1
1, 1457671569.18, 182, 0, sent, 2
1, 1457671569.51, 183, 0, internal
1, 1457671569.85, 184, 0, sent, 3
1, 1457671570.18, 185, 0, internal
1, 1457671570.51, 186, 0, internal
1, 1457671570.85, 187, 0, internal
1, 1457671571.18, 188, 0, internal
1, 1457671571.52, 189, 0, sent, 3
