0, 1457861994.29, 2, 0, internal
0, 1457861994.5, 3, 0, recieved, 1, 2
0, 1457861994.7, 4, 0, recieved, 1, 3
0, 1457861994.91, 5, 0, internal
0, 1457861995.1, 6, 0, recieved, 1, 4
0, 1457861995.3, 7, 0, internal
0, 1457861995.5, 8, 0, internal
0, 1457861995.7, 9, 0, internal
0, 1457861995.96, 10, 0, sent, 2
0, 1457861996.11, 11, 0, internal
0, 1457861996.3, 12, 0, internal
0, 1457861996.5, 13, 0, recieved, 1, 8
0, 1457861996.69, 14, 0, internal
0, 1457861996.9, 15, 0, internal
0, 1457861997.09, 16, 0, internal
0, 1457861997.29, 17, 0, recieved, 2, 16
0, 1457861997.5, 18, 0, internal
0, 1457861997.7, 19, 0, recieved, 1, 18
0, 1457861997.9, 20, 0, internal
0, 1457861998.1, 21, 0, recieved, 2, 20
0, 1457861998.3, 22, 0, internal
0, 1457861998.49, 23, 0, recieved, 2, 22
0, 1457861998.7, 24, 0, internal
0, 1457861998.9, 25, 0, sent, 1
0, 1457861999.1, 26, 0, internal
0, 1457861999.3, 27, 0, recieved, 2, 26
0, 1457861999.5, 28, 0, internal
0, 1457861999.7, 29, 0, sent, 1
0, 1457861999.89, 30, 0, internal
0, 1457862000.1, 31, 0, internal
0, 1457862000.3, 32, 0, internal
0, 1457862000.5, 33, 0, sent, 1
0, 1457862000.7, 34, 0, internal
0, 1457862000.9, 35, 0, sent, 1
0, 1457862001.1, 36, 0, internal
0, 1457862001.3, 37, 0, sent, 3
0, 1457862001.5, 38, 0, recieved, 1, 37
0, 1457862001.7, 39, 0, internal
0, 1457862001.9, 40, 0, internal
0, 1457862002.1, 41, 0, sent, 2
0, 1457862002.29, 42, 0, internal
0, 1457862002.5, 43, 0, recieved, 1, 40
0, 1457862002.7, 44, 0, sent, 1
0, 1457862002.9, 45, 0, sent, 1
0, 1457862003.1, 46, 0, internal
0, 1457862003.3, 47, 0, internal
0, 1457862003.5, 48, 0, internal
0, 1457862003.69, 49, 0, sent, 2
0, 1457862003.9, 50, 0, sent, 2
0, 1457862004.1, 51, 0, sent, 1
0, 1457862004.3, 52, 0, internal
0, 1457862004.49, 54, 0, recieved, 2, 53
0, 1457862004.69, 55, 0, internal
0, 1457862004.9, 56, 0, internal
0, 1457862005.09, 57, 0, internal
0, 1457862005.3, 58, 0, recieved, 2, 57
0, 1457862005.5, 59, 0, sent, 1
0, 1457862005.7, 60, 0, internal
0, 1457862005.9, 61, 0, internal
0, 1457862006.1, 62, 0, recieved, 1, 61
0, 1457862006.3, 63, 0, internal
0, 1457862006.49, 64, 0, internal
0, 1457862006.7, 65, 0, recieved, 1, 64
0, 1457862006.9, 66, 0, internal
0, 1457862007.09, 67, 0, sent, 2
0, 1457862007.3, 68, 0, sent, 1
0, 1457862007.5, 69, 0, sent, 2
0, 1457862007.69, 70, 0, sent, 1
0, 1457862007.89, 71, 0, internal
0, 1457862008.1, 72, 0, internal
0, 1457862008.3, 73, 0, internal
0, 1457862008.5, 74, 0, internal
0, 1457862008.7, 75, 0, internal
0, 1457862008.9, 76, 0, internal
0, 1457862009.1, 77, 0, sent, 1
0, 1457862009.3, 78, 0, internal
0, 1457862009.5, 79, 0, internal
0, 1457862009.7, 80, 0, sent, 1
0, 1457862009.9, 81, 0, internal
0, 1457862010.1, 82, 0, internal
0, 1457862010.29, 83, 0, sent, 3
0, 1457862010.49, 84, 0, sent, 1
0, 1457862010.69, 85, 0, sent, 2
0, 1457862010.89, 86, 0, internal
0, 1457862011.09, 88, 0, recieved, 2, 87
0, 1457862011.3, 89, 0, sent, 1
0, 1457862011.49, 90, 0, recieved, 1, 89
0, 1457862011.69, 91, 0, internal
0, 1457862011.89, 92, 0, sent, 3
0, 1457862012.09, 93, 0, sent, 1
0, 1457862012.29, 94, 0, internal
0, 1457862012.49, 96, 0, recieved, 2, 95
0, 1457862012.69, 97, 0, sent, 2
0, 1457862012.89, 98, 0, sent, 3
0, 1457862013.09, 99, 0, sent, 2
0, 1457862013.29, 100, 0, internal
0, 1457862013.49, 101, 0, internal
0, 1457862013.69, 102, 0, internal
0, 1457862013.89, 103, 0, sent, 3
0, 1457862014.09, 104, 0, internal
0, 1457862014.29, 105, 0, internal
0, 1457862014.5, 106, 0, internal
0, 1457862014.69, 107, 0, internal
0, 1457862014.89, 108, 0, internal
0, 1457862015.1, 109, 0, internal
0, 1457862015.29, 110, 0, internal
0, 1457862015.49, 111, 0, internal
0, 1457862015.69, 112, 0, recieved, 1, 110
0, 1457862015.89, 113, 0, internal
0, 1457862016.09, 114, 0, internal
0, 1457862016.3, 115, 0, internal
0, 1457862016.49, 116, 0, internal
0, 1457862016.69, 117, 0, internal
0, 1457862016.9, 118, 0, sent, 1
0, 1457862017.1, 119, 0, sent, 2
0, 1457862017.29, 120, 0, internal
0, 1457862017.49, 121, 0, sent, 1
0, 1457862017.7, 122, 0, internal
0, 1457862017.9, 123, 0, sent, 1
0, 1457862018.1, 124, 0, internal
0, 1457862018.29, 125, 0, sent, 1
0, 1457862018.5, 127, 0, recieved, 2, 126
0, 1457862018.69, 128, 0, recieved, 2, 127
0, 1457862018.89, 129, 0, recieved, 2, 128
0, 1457862019.09, 130, 0, internal
0, 1457862019.29, 131, 0, recieved, 2, 130
0, 1457862019.49, 132, 0, internal
0, 1457862019.69, 133, 0, internal
0, 1457862019.89, 134, 0, internal
0, 1457862020.09, 135, 0, internal
0, 1457862020.29, 136, 0, internal
0, 1457862020.5, 137, 0, internal
0, 1457862020.69, 138, 0, recieved, 2, 137
0, 1457862020.89, 139, 0, recieved, 2, 138
0, 1457862021.09, 140, 0, internal
0, 1457862021.29, 141, 0, internal
0, 1457862021.49, 142, 0, internal
0, 1457862021.69, 143, 0, sent, 3
0, 1457862021.89, 144, 0, internal
0, 1457862022.09, 146, 0, recieved, 2, 145
0, 1457862022.3, 147, 0, internal
0, 1457862022.5, 148, 0, recieved, 2, 147
0, 1457862022.69, 149, 0, internal
0, 1457862022.9, 150, 0, sent, 1
0, 1457862023.1, 151, 0, sent, 2
0, 1457862023.3, 152, 0, internal
0, 1457862023.5, 153, 0, internal
0, 1457862023.7, 154, 0, internal
0, 1457862023.9, 155, 0, internal
0, 1457862024.1, 156, 0, sent, 1
0, 1457862024.3, 157, 0, sent, 3
0, 1457862024.5, 158, 0, internal
0, 1457862024.7, 160, 0, recieved, 2, 159
0, 1457862024.9, 161, 0, internal
0, 1457862025.1, 162, 0, internal
0, 1457862025.3, 163, 0, internal
0, 1457862025.5, 164, 0, recieved, 1, 161
0, 1457862025.7, 165, 0, recieved, 2, 164
0, 1457862025.9, 166, 0, recieved, 2, 165
0, 1457862026.1, 167, 0, sent, 3
0, 1457862026.3, 168, 0, sent, 1
0, 1457862026.5, 169, 0, internal
0, 1457862026.7, 170, 0, sent, 2
0, 1457862026.9, 171, 0, internal
0, 1457862027.09, 173, 0, recieved, 2, 172
0, 1457862027.29, 174, 0, sent, 3
0, 1457862027.49, 175, 0, sent, 3
0, 1457862027.69, 176, 0, internal
0, 1457862027.91, 177, 0, internal
0, 1457862028.09, 178, 0, internal
0, 1457862028.3, 179, 0, internal
0, 1457862028.5, 180, 0, internal
0, 1457862028.69, 181, 0, internal
0, 1457862028.89, 182, 0, internal
0, 1457862029.1, 183, 0, internal
0, 1457862029.29, 185, 0, recieved, 2, 184
0, 1457862029.49, 186, 0, internal
0, 1457862029.7, 187, 0, internal
0, 1457862029.89, 188, 0, internal
0, 1457862030.09, 189, 0, recieved, 2, 188
0, 1457862030.29, 190, 0, internal
0, 1457862030.49, 191, 0, internal
0, 1457862030.69, 192, 0, recieved, 2, 191
0, 1457862030.9, 193, 0, internal
0, 1457862031.1, 194, 0, internal
0, 1457862031.3, 195, 0, sent, 3
0, 1457862031.5, 196, 0, sent, 3
0, 1457862031.7, 197, 0, internal
0, 1457862031.9, 198, 0, sent, 1
0, 1457862032.1, 199, 0, sent, 2
0, 1457862032.3, 200, 0, sent, 1
0, 1457862032.49, 201, 0, internal
0, 1457862032.7, 202, 0, sent, 3
0, 1457862032.9, 203, 0, internal
0, 1457862033.1, 204, 0, sent, 2
0, 1457862033.29, 205, 0, internal
0, 1457862033.5, 206, 0, internal
0, 1457862033.7, 207, 0, internal
0, 1457862033.9, 208, 0, internal
0, 1457862034.1, 209, 0, recieved, 1, 206
0, 1457862034.3, 210, 0, sent, 2
0, 1457862034.5, 211, 0, internal
0, 1457862034.7, 212, 0, recieved, 1, 208
0, 1457862034.89, 213, 0, internal
0, 1457862035.09, 215, 0, recieved, 2, 214
0, 1457862035.29, 216, 0, internal
0, 1457862035.49, 217, 0, internal
0, 1457862035.69, 218, 0, recieved, 1, 217
0, 1457862035.89, 219, 0, internal
0, 1457862036.09, 220, 0, internal
0, 1457862036.29, 221, 0, recieved, 2, 220
0, 1457862036.5, 222, 0, internal
0, 1457862036.7, 223, 0, internal
0, 1457862036.9, 224, 0, sent, 1
0, 1457862037.09, 225, 0, internal
0, 1457862037.29, 226, 0, recieved, 2, 225
0, 1457862037.49, 227, 0, internal
0, 1457862037.7, 228, 0, recieved, 2, 227
0, 1457862037.89, 229, 0, internal
0, 1457862038.1, 230, 0, sent, 1
0, 1457862038.29, 231, 0, internal
0, 1457862038.5, 232, 0, sent, 3
0, 1457862038.69, 233, 0, internal
0, 1457862038.89, 235, 0, recieved, 2, 234
0, 1457862039.09, 236, 0, sent, 1
0, 1457862039.29, 237, 0, internal
0, 1457862039.5, 238, 0, internal
0, 1457862039.7, 239, 0, sent, 1
0, 1457862039.9, 240, 0, internal
0, 1457862040.1, 241, 0, internal
0, 1457862040.3, 242, 0, recieved, 2, 241
0, 1457862040.49, 243, 0, sent, 1
0, 1457862040.7, 244, 0, sent, 3
0, 1457862040.9, 245, 0, sent, 2
0, 1457862041.09, 246, 0, internal
0, 1457862041.3, 248, 0, recieved, 2, 247
0, 1457862041.5, 249, 0, sent, 3
0, 1457862041.69, 250, 0, sent, 2
0, 1457862041.9, 251, 0, sent, 3
0, 1457862042.09, 252, 0, sent, 1
0, 1457862042.3, 253, 0, internal
0, 1457862042.5, 254, 0, internal
0, 1457862042.69, 255, 0, recieved, 1, 254
0, 1457862042.9, 256, 0, internal
0, 1457862043.1, 257, 0, internal
0, 1457862043.29, 258, 0, sent, 1
0, 1457862043.5, 259, 0, internal
0, 1457862043.7, 260, 0, internal
0, 1457862043.9, 261, 0, internal
0, 1457862044.09, 262, 0, sent, 1
0, 1457862044.29, 263, 0, internal
0, 1457862044.49, 264, 0, internal
0, 1457862044.7, 265, 0, internal
0, 1457862044.89, 267, 0, recieved, 2, 266
0, 1457862045.09, 268, 0, internal
0, 1457862045.3, 269, 0, sent, 1
0, 1457862045.5, 270, 0, recieved, 1, 269
0, 1457862045.69, 272, 0, recieved, 2, 271
0, 1457862045.9, 273, 0, internal
0, 1457862046.09, 274, 0, sent, 2
0, 1457862046.29, 275, 0, sent, 2
0, 1457862046.5, 276, 0, sent, 3
0, 1457862046.69, 277, 0, internal
0, 1457862046.89, 278, 0, sent, 3
0, 1457862047.09, 279, 0, internal
0, 1457862047.3, 280, 0, sent, 2
0, 1457862047.5, 281, 0, internal
0, 1457862047.7, 283, 0, recieved, 2, 282
0, 1457862047.9, 284, 0, recieved, 2, 283
0, 1457862048.1, 285, 0, sent, 2
0, 1457862048.29, 286, 0, sent, 2
0, 1457862048.5, 287, 0, internal
0, 1457862048.69, 288, 0, internal
0, 1457862048.9, 289, 0, internal
0, 1457862049.1, 290, 0, internal
0, 1457862049.29, 291, 0, internal
0, 1457862049.49, 292, 0, internal
0, 1457862049.7, 293, 0, internal
0, 1457862049.9, 294, 0, internal
0, 1457862050.1, 295, 0, internal
0, 1457862050.3, 296, 0, internal
0, 1457862050.5, 297, 0, sent, 3
0, 1457862050.7, 298, 0, internal
0, 1457862050.89, 299, 0, sent, 2
0, 1457862051.1, 300, 0, recieved, 1, 299
0, 1457862051.29, 301, 0, sent, 1
0, 1457862051.49, 302, 0, sent, 3
0, 1457862051.69, 303, 0, internal
0, 1457862051.89, 304, 0, sent, 3
0, 1457862052.09, 305, 0, sent, 3
0, 1457862052.29, 306, 0, sent, 2
0, 1457862052.49, 307, 0, internal
0, 1457862052.7, 309, 0, recieved, 2, 308
0, 1457862052.89, 310, 0, internal
0, 1457862053.09, 311, 0, sent, 1
0, 1457862053.3, 312, 0, internal
0, 1457862053.5, 313, 0, internal
0, 1457862053.7, 314, 0, recieved, 2, 313
0, 1457862053.89, 315, 0, recieved, 2, 314
0, 1457862054.09, 316, 0, internal
