1, 1457671210.29, 2, 0, sent, 3
1, 1457671210.62, 3, 0, internal
1, 1457671210.96, 4, 0, internal
1, 1457671211.29, 5, 0, internal
1, 1457671211.62, 6, 0, internal
1, 1457671211.96, 7, 0, internal
1, 1457671212.29, 8, 0, internal
1, 1457671212.62, 9, 0, internal
1, 1457671212.96, 17, 0, recieved, 0, 16
1, 1457671213.29, 18, 0, internal
1, 1457671213.62, 19, 0, internal
1, 1457671213.96, 20, 0, internal
1, 1457671214.3, 26, 0, recieved, 0, 25
1, 1457671214.62, 27, 0, sent, 1
1, 1457671214.96, 30, 0, recieved, 2, 29
1, 1457671215.29, 31, 0, internal
1, 1457671215.62, 32, 0, internal
1, 1457671215.96, 33, 0, sent, 1
1, 1457671216.29, 34, 0, internal
1, 1457671216.62, 41, 0, recieved, 2, 40
1, 1457671216.96, 42, 1, recieved, 0, 41
1, 1457671217.29, 43, 1, recieved, 2, 42
1, 1457671217.62, 45, 0, recieved, 2, 44
1, 1457671217.96, 46, 0, internal
1, 1457671218.29, 47, 0, internal
1, 1457671218.62, 48, 0, internal
1, 1457671218.96, 55, 0, recieved, 2, 54
1, 1457671219.29, 56, 0, internal
1, 1457671219.62, 58, 0, recieved, 2, 57
1, 1457671219.96, 59, 0, internal
1, 1457671220.29, 60, 0, internal
1, 1457671220.62, 61, 0, internal
1, 1457671220.96, 62, 0, internal
1, 1457671221.29, 63, 0, internal
1, 1457671221.62, 70, 0, recieved, 2, 69
1, 1457671221.96, 71, 0, internal
1, 1457671222.29, 72, 0, internal
1, 1457671222.63, 77, 0, recieved, 2, 76
1, 1457671222.96, 78, 0, internal
1, 1457671223.29, 79, 0, internal
1, 1457671223.62, 80, 0, internal
1, 1457671223.96, 81, 0, internal
1, 1457671224.29, 86, 0, recieved, 0, 85
1, 1457671224.62, 87, 0, internal
1, 1457671224.96, 88, 0, internal
1, 1457671225.29, 89, 0, internal
1, 1457671225.63, 94, 0, recieved, 2, 93
1, 1457671225.96, 95, 0, internal
1, 1457671226.29, 96, 0, internal
1, 1457671226.62, 100, 0, recieved, 0, 99
1, 1457671226.96, 101, 0, internal
1, 1457671227.29, 102, 0, internal
1, 1457671227.62, 103, 0, internal
1, 1457671227.96, 104, 0, internal
1, 1457671228.29, 105, 0, internal
1, 1457671228.62, 106, 0, internal
1, 1457671228.96, 107, 0, internal
1, 1457671229.29, 108, 0, internal
1, 1457671229.62, 109, 0, internal
1, 1457671229.96, 110, 0, internal
1, 1457671230.29, 111, 0, internal
1, 1457671230.62, 112, 0, sent, 2
1, 1457671230.96, 113, 0, internal
1, 1457671231.29, 130, 0, recieved, 0, 129
1, 1457671231.63, 131, 1, recieved, 2, 130
1, 1457671231.96, 132, 0, recieved, 2, 131
1, 1457671232.29, 136, 0, recieved, 2, 135
1, 1457671232.62, 137, 0, internal
1, 1457671232.96, 138, 0, sent, 2
1, 1457671233.29, 139, 0, internal
1, 1457671233.62, 140, 0, internal
1, 1457671233.96, 145, 0, recieved, 2, 144
1, 1457671234.29, 146, 0, internal
1, 1457671234.62, 147, 0, internal
1, 1457671234.96, 148, 0, internal
1, 1457671235.29, 149, 0, internal
1, 1457671235.62, 150, 0, internal
1, 1457671235.96, 151, 0, internal
1, 1457671236.29, 152, 0, internal
1, 1457671236.62, 153, 0, internal
1, 1457671236.96, 154, 0, internal
1, 1457671237.29, 155, 0, internal
1, 1457671237.63, 156, 0, internal
1, 1457671237.96, 157, 0, internal
1, 1457671238.29, 158, 0, internal
1, 1457671238.62, 159, 0, internal
1, 1457671238.96, 160, 0, internal
1, 1457671239.29, 161, 0, internal
1, 1457671239.62, 179, 0, recieved, 2, 178
1, 1457671239.96, 182, 0, recieved, 0, 181
1, 1457671240.29, 183, 0, internal
1, 1457671240.62, 186, 0, recieved, 2, 185
1, 1457671240.96, 187, 0, internal
1, 1457671241.29, 188, 0, internal
1, 1457671241.62, 189, 0, internal
1, 1457671241.96, 190, 0, internal
1, 1457671242.29, 191, 0, internal
1, 1457671242.62, 192, 0, internal
1, 1457671242.96, 193, 0, internal
1, 1457671243.29, 194, 0, internal
1, 1457671243.62, 195, 0, internal
1, 1457671243.96, 196, 0, internal
1, 1457671244.29, 197, 0, internal
1, 1457671244.62, 198, 0, internal
1, 1457671244.96, 199, 0, internal
1, 1457671245.29, 200, 0, internal
1, 1457671245.62, 201, 0, internal
1, 1457671245.96, 217, 0, recieved, 0, 216
1, 1457671246.29, 220, 0, recieved, 2, 219
1, 1457671246.62, 221, 0, internal
1, 1457671246.96, 222, 0, internal
1, 1457671247.29, 223, 0, internal
1, 1457671247.62, 224, 0, internal
1, 1457671247.96, 225, 0, internal
1, 1457671248.29, 226, 0, internal
1, 1457671248.62, 227, 0, internal
1, 1457671248.96, 236, 0, recieved, 0, 235
1, 1457671249.29, 237, 0, sent, 2
1, 1457671249.62, 238, 0, internal
1, 1457671249.96, 239, 0, internal
1, 1457671250.29, 240, 0, internal
1, 1457671250.62, 241, 0, internal
1, 1457671250.96, 248, 0, recieved, 2, 247
1, 1457671251.29, 250, 0, recieved, 2, 249
1, 1457671251.62, 251, 0, internal
1, 1457671251.96, 254, 0, recieved, 2, 253
1, 1457671252.29, 255, 0, internal
1, 1457671252.62, 256, 0, internal
1, 1457671252.96, 257, 0, internal
1, 1457671253.29, 258, 0, internal
1, 1457671253.62, 259, 0, internal
1, 1457671253.96, 260, 0, internal
1, 1457671254.29, 261, 0, internal
1, 1457671254.62, 272, 0, recieved, 2, 271
1, 1457671254.96, 273, 0, internal
1, 1457671255.29, 274, 0, internal
1, 1457671255.62, 275, 0, internal
1, 1457671255.96, 276, 0, internal
1, 1457671256.29, 277, 0, internal
1, 1457671256.62, 278, 0, internal
1, 1457671256.96, 279, 0, internal
1, 1457671257.29, 280, 0, internal
1, 1457671257.62, 290, 0, recieved, 0, 289
1, 1457671257.96, 293, 0, recieved, 2, 292
1, 1457671258.29, 294, 0, internal
1, 1457671258.62, 296, 0, recieved, 0, 295
1, 1457671258.96, 297, 0, internal
1, 1457671259.29, 300, 0, recieved, 0, 299
1, 1457671259.62, 301, 0, internal
1, 1457671259.96, 302, 0, internal
1, 1457671260.29, 303, 0, internal
1, 1457671260.63, 304, 0, internal
1, 1457671260.96, 305, 0, internal
1, 1457671261.29, 306, 0, internal
1, 1457671261.62, 307, 0, internal
1, 1457671261.96, 308, 0, internal
1, 1457671262.29, 309, 0, internal
1, 1457671262.62, 322, 0, recieved, 2, 321
1, 1457671262.96, 323, 0, internal
1, 1457671263.29, 324, 0, internal
1, 1457671263.62, 325, 0, internal
1, 1457671263.96, 326, 0, internal
1, 1457671264.29, 327, 0, internal
1, 1457671264.62, 328, 0, internal
1, 1457671264.96, 329, 0, sent, 3
1, 1457671265.29, 337, 0, recieved, 0, 336
1, 1457671265.62, 338, 0, recieved, 0, 337
1, 1457671265.96, 339, 0, sent, 1
1, 1457671266.29, 340, 0, internal
1, 1457671266.62, 341, 0, internal
1, 1457671266.96, 342, 0, sent, 2
1, 1457671267.29, 343, 0, internal
1, 1457671267.62, 344, 0, internal
1, 1457671267.96, 354, 0, recieved, 2, 353
1, 1457671268.29, 355, 0, internal
1, 1457671268.62, 356, 0, internal
1, 1457671268.96, 357, 0, internal
1, 1457671269.29, 358, 0, internal
1, 1457671269.62, 359, 0, sent, 3
1, 1457671269.96, 360, 0, internal
