1, 1457671692.81, 2, 0, internal
1, 1457671693.81, 5, 3, recieved, 0, 4
1, 1457671694.81, 9, 5, recieved, 2, 8
1, 1457671695.81, 12, 11, recieved, 0, 11
1, 1457671696.81, 14, 16, recieved, 0, 13
1, 1457671697.81, 19, 24, recieved, 0, 18
1, 1457671698.81, 28, 30, recieved, 2, 27
1, 1457671699.81, 31, 35, recieved, 0, 30
1, 1457671700.81, 37, 44, recieved, 2, 36
1, 1457671701.81, 40, 52, recieved, 0, 39
1, 1457671702.81, 41, 57, recieved, 0, 40
1, 1457671703.81, 42, 62, recieved, 2, 40
1, 1457671704.81, 44, 66, recieved, 2, 43
1, 1457671705.81, 45, 73, recieved, 2, 44
1, 1457671706.81, 47, 81, recieved, 0, 46
1, 1457671707.81, 52, 89, recieved, 2, 51
1, 1457671708.81, 57, 94, recieved, 2, 56
1, 1457671709.81, 59, 99, recieved, 0, 58
1, 1457671710.81, 60, 104, recieved, 0, 59
1, 1457671711.81, 61, 108, recieved, 0, 60
1, 1457671712.81, 63, 114, recieved, 0, 62
1, 1457671713.81, 65, 119, recieved, 0, 64
1, 1457671714.81, 66, 124, recieved, 2, 64
1, 1457671715.81, 67, 134, recieved, 2, 66
1, 1457671716.81, 71, 139, recieved, 0, 70
1, 1457671717.81, 72, 144, recieved, 2, 70
1, 1457671718.81, 73, 153, recieved, 0, 71
1, 1457671719.81, 74, 157, recieved, 0, 73
1, 1457671720.81, 76, 161, recieved, 0, 75
1, 1457671721.81, 77, 167, recieved, 2, 76
1, 1457671722.81, 79, 172, recieved, 2, 78
1, 1457671723.81, 85, 177, recieved, 0, 84
1, 1457671724.81, 86, 180, recieved, 0, 85
1, 1457671725.81, 87, 186, recieved, 0, 86
1, 1457671726.81, 90, 190, recieved, 0, 89
1, 1457671727.81, 91, 195, recieved, 0, 90
1, 1457671728.81, 94, 200, recieved, 0, 93
1, 1457671729.81, 95, 207, recieved, 2, 93
1, 1457671730.81, 96, 219, recieved, 0, 95
1, 1457671731.81, 98, 227, recieved, 2, 97
1, 1457671732.81, 99, 232, recieved, 0, 97
1, 1457671733.81, 100, 237, recieved, 0, 99
1, 1457671734.81, 103, 246, recieved, 2, 102
1, 1457671735.81, 110, 252, recieved, 2, 109
1, 1457671736.81, 112, 256, recieved, 0, 111
1, 1457671737.81, 113, 259, recieved, 0, 112
1, 1457671738.81, 114, 267, recieved, 0, 113
1, 1457671739.81, 115, 274, recieved, 0, 114
1, 1457671740.81, 116, 281, recieved, 0, 115
1, 1457671741.81, 118, 290, recieved, 2, 117
1, 1457671742.81, 119, 297, recieved, 0, 117
1, 1457671743.81, 120, 301, recieved, 0, 119
1, 1457671744.81, 121, 303, recieved, 0, 120
1, 1457671745.81, 124, 309, recieved, 0, 123
1, 1457671746.81, 125, 313, recieved, 0, 124
1, 1457671747.81, 126, 319, recieved, 0, 125
1, 1457671748.81, 130, 323, recieved, 2, 129
1, 1457671749.81, 132, 327, recieved, 0, 131
1, 1457671750.81, 134, 333, recieved, 0, 133
1, 1457671751.81, 135, 338, recieved, 0, 134
