2, 1457671391.13, 2, 0, internal
2, 1457671392.13, 6, 2, recieved, 0, 5
2, 1457671393.13, 11, 3, recieved, 1, 10
2, 1457671394.13, 12, 2, recieved, 0, 10
2, 1457671395.13, 20, 4, recieved, 0, 19
2, 1457671396.13, 26, 5, recieved, 1, 25
2, 1457671397.13, 46, 7, recieved, 1, 45
2, 1457671398.13, 49, 12, recieved, 0, 48
2, 1457671399.13, 50, 12, recieved, 1, 48
2, 1457671400.13, 54, 15, recieved, 0, 53
2, 1457671401.13, 58, 16, recieved, 1, 57
2, 1457671402.13, 65, 20, recieved, 1, 64
2, 1457671403.13, 66, 24, recieved, 0, 64
2, 1457671404.13, 67, 27, recieved, 0, 66
2, 1457671405.13, 70, 31, recieved, 0, 69
2, 1457671406.13, 71, 33, recieved, 0, 70
2, 1457671407.13, 72, 37, recieved, 0, 71
2, 1457671408.13, 73, 38, recieved, 0, 72
2, 1457671409.13, 76, 39, recieved, 0, 75
2, 1457671410.13, 82, 42, recieved, 1, 81
2, 1457671411.13, 91, 44, recieved, 0, 90
2, 1457671412.13, 95, 46, recieved, 1, 94
2, 1457671413.13, 97, 49, recieved, 1, 96
2, 1457671414.13, 100, 53, recieved, 1, 99
2, 1457671415.13, 102, 55, recieved, 1, 101
2, 1457671416.13, 109, 56, recieved, 1, 108
2, 1457671417.13, 115, 60, recieved, 0, 114
2, 1457671418.13, 120, 61, recieved, 0, 119
2, 1457671419.13, 122, 66, recieved, 1, 121
2, 1457671420.13, 125, 68, recieved, 1, 124
2, 1457671421.13, 126, 72, recieved, 0, 124
2, 1457671422.13, 127, 73, recieved, 0, 126
2, 1457671423.13, 130, 74, recieved, 1, 129
2, 1457671424.13, 132, 76, recieved, 0, 131
2, 1457671425.13, 133, 77, recieved, 0, 132
2, 1457671426.13, 138, 81, recieved, 0, 137
2, 1457671427.13, 139, 81, recieved, 0, 138
2, 1457671428.13, 142, 82, recieved, 1, 141
2, 1457671429.13, 148, 87, recieved, 1, 147
2, 1457671430.13, 149, 87, recieved, 1, 148
2, 1457671431.13, 151, 90, recieved, 1, 150
2, 1457671432.13, 158, 94, recieved, 0, 157
2, 1457671433.13, 160, 98, recieved, 1, 159
2, 1457671434.13, 162, 101, recieved, 1, 161
2, 1457671435.13, 164, 101, recieved, 0, 163
2, 1457671436.13, 165, 101, recieved, 0, 164
2, 1457671437.13, 167, 105, recieved, 0, 166
2, 1457671438.13, 171, 105, recieved, 1, 170
2, 1457671439.13, 174, 107, recieved, 0, 173
2, 1457671440.13, 178, 110, recieved, 0, 177
2, 1457671441.13, 184, 110, recieved, 1, 183
2, 1457671442.13, 186, 112, recieved, 1, 185
2, 1457671443.13, 187, 115, recieved, 1, 186
2, 1457671444.13, 188, 120, recieved, 0, 187
2, 1457671445.13, 191, 122, recieved, 1, 190
2, 1457671446.13, 195, 125, recieved, 0, 194
2, 1457671447.13, 205, 126, recieved, 1, 204
2, 1457671448.13, 206, 129, recieved, 0, 201
2, 1457671449.13, 211, 132, recieved, 1, 210
2, 1457671450.13, 213, 134, recieved, 1, 212
