0, 1457671089.65, 2, 0, internal
0, 1457671089.82, 3, 0, sent, 2
0, 1457671089.98, 4, 0, sent, 1
0, 1457671090.15, 5, 0, sent, 3
0, 1457671090.32, 6, 0, sent, 3
0, 1457671090.48, 7, 0, internal
0, 1457671090.65, 8, 0, sent, 1
0, 1457671090.81, 9, 0, recieved, 1, 8
0, 1457671090.98, 10, 0, sent, 1
0, 1457671091.15, 11, 0, sent, 2
0, 1457671091.31, 13, 0, recieved, 1, 12
0, 1457671091.48, 14, 0, recieved, 1, 13
0, 1457671091.65, 15, 0, sent, 3
0, 1457671091.82, 16, 0, internal
0, 1457671091.98, 17, 0, sent, 2
0, 1457671092.15, 18, 0, internal
0, 1457671092.31, 19, 0, recieved, 1, 18
0, 1457671092.48, 20, 0, recieved, 1, 19
0, 1457671092.65, 21, 0, sent, 2
0, 1457671092.82, 22, 0, internal
0, 1457671092.98, 23, 0, sent, 1
0, 1457671093.15, 24, 0, internal
0, 1457671093.31, 25, 0, internal
0, 1457671093.48, 27, 0, recieved, 1, 26
0, 1457671093.65, 28, 0, sent, 1
0, 1457671093.82, 29, 0, sent, 2
0, 1457671093.98, 30, 0, internal
0, 1457671094.15, 31, 0, sent, 2
0, 1457671094.32, 32, 0, sent, 1
0, 1457671094.48, 33, 0, sent, 3
0, 1457671094.65, 34, 0, sent, 2
0, 1457671094.82, 35, 0, internal
0, 1457671094.98, 36, 0, recieved, 1, 35
0, 1457671095.15, 37, 0, sent, 3
0, 1457671095.32, 38, 0, internal
0, 1457671095.48, 39, 0, sent, 2
0, 1457671095.65, 40, 0, internal
0, 1457671095.81, 41, 0, sent, 3
0, 1457671095.98, 42, 0, internal
0, 1457671096.15, 43, 0, internal
0, 1457671096.32, 45, 0, recieved, 1, 44
0, 1457671096.48, 46, 0, recieved, 1, 45
0, 1457671096.65, 47, 0, internal
0, 1457671096.82, 48, 0, internal
0, 1457671096.98, 49, 0, sent, 3
0, 1457671097.15, 50, 0, sent, 1
0, 1457671097.32, 51, 0, sent, 2
0, 1457671097.48, 52, 0, sent, 1
0, 1457671097.65, 53, 0, sent, 2
0, 1457671097.82, 54, 0, sent, 2
0, 1457671097.98, 55, 0, internal
0, 1457671098.15, 56, 0, sent, 1
0, 1457671098.31, 57, 0, internal
0, 1457671098.48, 59, 0, recieved, 1, 58
0, 1457671098.65, 60, 0, internal
0, 1457671098.82, 61, 0, internal
0, 1457671098.98, 62, 0, recieved, 1, 60
0, 1457671099.15, 63, 0, recieved, 1, 61
0, 1457671099.32, 64, 0, sent, 1
0, 1457671099.48, 65, 0, internal
0, 1457671099.65, 66, 0, sent, 1
0, 1457671099.82, 67, 0, recieved, 1, 66
0, 1457671099.98, 68, 0, sent, 2
0, 1457671100.15, 69, 0, recieved, 1, 68
0, 1457671100.32, 70, 0, recieved, 1, 69
0, 1457671100.48, 71, 0, sent, 1
0, 1457671100.65, 72, 0, internal
0, 1457671100.82, 73, 0, internal
0, 1457671100.98, 74, 0, recieved, 1, 73
0, 1457671101.15, 75, 0, sent, 2
0, 1457671101.32, 76, 0, sent, 3
0, 1457671101.48, 77, 0, internal
0, 1457671101.65, 78, 0, sent, 3
0, 1457671101.82, 79, 0, internal
0, 1457671101.98, 80, 0, internal
0, 1457671102.15, 81, 0, sent, 1
0, 1457671102.32, 82, 0, internal
0, 1457671102.48, 83, 0, sent, 1
0, 1457671102.65, 84, 0, sent, 3
0, 1457671102.82, 85, 0, internal
0, 1457671102.98, 86, 0, sent, 2
0, 1457671103.15, 87, 0, recieved, 1, 86
0, 1457671103.32, 88, 0, sent, 1
0, 1457671103.48, 89, 0, sent, 3
0, 1457671103.65, 90, 0, internal
0, 1457671103.82, 91, 0, internal
0, 1457671103.98, 92, 0, sent, 2
0, 1457671104.15, 93, 0, recieved, 1, 92
0, 1457671104.32, 94, 0, sent, 2
0, 1457671104.48, 95, 0, internal
0, 1457671104.65, 96, 0, recieved, 1, 95
0, 1457671104.81, 97, 0, sent, 3
0, 1457671104.98, 98, 0, sent, 3
0, 1457671105.15, 99, 0, internal
0, 1457671105.32, 100, 0, internal
0, 1457671105.48, 102, 0, recieved, 1, 101
0, 1457671105.65, 103, 0, sent, 1
0, 1457671105.82, 104, 0, sent, 1
0, 1457671105.98, 105, 0, internal
0, 1457671106.15, 106, 0, sent, 2
0, 1457671106.31, 107, 0, internal
0, 1457671106.48, 108, 0, sent, 3
0, 1457671106.65, 109, 0, sent, 3
0, 1457671106.82, 110, 0, sent, 3
0, 1457671106.98, 111, 0, internal
0, 1457671107.15, 112, 0, internal
0, 1457671107.32, 113, 0, sent, 2
0, 1457671107.48, 114, 0, sent, 1
0, 1457671107.65, 115, 0, sent, 1
0, 1457671107.81, 116, 0, internal
0, 1457671107.98, 117, 0, sent, 1
0, 1457671108.15, 118, 0, sent, 1
0, 1457671108.32, 119, 0, internal
0, 1457671108.48, 120, 0, sent, 2
0, 1457671108.65, 121, 0, internal
0, 1457671108.82, 122, 0, recieved, 1, 121
0, 1457671108.98, 123, 0, sent, 1
0, 1457671109.15, 124, 0, sent, 2
0, 1457671109.32, 125, 0, internal
0, 1457671109.48, 126, 0, sent, 1
0, 1457671109.65, 127, 0, sent, 3
0, 1457671109.81, 128, 0, sent, 1
0, 1457671109.98, 129, 0, sent, 1
0, 1457671110.15, 130, 0, sent, 2
0, 1457671110.32, 131, 0, sent, 3
0, 1457671110.48, 132, 0, sent, 1
0, 1457671110.65, 133, 0, sent, 3
0, 1457671110.82, 134, 0, sent, 2
0, 1457671110.98, 135, 0, sent, 3
0, 1457671111.15, 136, 0, internal
0, 1457671111.32, 137, 0, internal
0, 1457671111.48, 138, 0, sent, 3
0, 1457671111.65, 139, 0, internal
0, 1457671111.82, 140, 0, sent, 1
0, 1457671111.98, 141, 0, internal
0, 1457671112.15, 143, 0, recieved, 1, 142
0, 1457671112.32, 144, 0, recieved, 1, 143
0, 1457671112.48, 145, 0, recieved, 1, 144
0, 1457671112.65, 146, 0, internal
0, 1457671112.82, 147, 0, recieved, 1, 145
0, 1457671112.98, 148, 0, sent, 2
0, 1457671113.15, 149, 0, internal
0, 1457671113.32, 150, 0, sent, 1
0, 1457671113.48, 151, 0, sent, 1
0, 1457671113.65, 152, 0, internal
0, 1457671113.81, 153, 0, internal
0, 1457671113.98, 154, 0, recieved, 1, 153
0, 1457671114.15, 155, 0, internal
0, 1457671114.31, 156, 0, internal
0, 1457671114.48, 157, 0, recieved, 1, 156
0, 1457671114.65, 158, 0, internal
0, 1457671114.81, 159, 0, recieved, 1, 157
0, 1457671114.98, 160, 0, recieved, 1, 158
0, 1457671115.15, 161, 0, sent, 3
0, 1457671115.32, 162, 0, sent, 2
0, 1457671115.48, 164, 0, recieved, 1, 163
0, 1457671115.65, 165, 0, recieved, 1, 164
0, 1457671115.82, 166, 0, internal
0, 1457671115.98, 167, 0, internal
0, 1457671116.15, 168, 0, sent, 1
0, 1457671116.32, 169, 0, sent, 2
0, 1457671116.48, 171, 0, recieved, 1, 170
0, 1457671116.65, 172, 0, sent, 2
0, 1457671116.82, 173, 0, internal
0, 1457671116.98, 174, 0, sent, 2
0, 1457671117.15, 175, 0, recieved, 1, 173
0, 1457671117.32, 176, 0, recieved, 1, 174
0, 1457671117.48, 177, 0, sent, 2
0, 1457671117.65, 178, 0, internal
0, 1457671117.81, 179, 0, recieved, 1, 176
0, 1457671117.98, 180, 0, sent, 1
0, 1457671118.15, 181, 0, sent, 2
0, 1457671118.32, 182, 0, sent, 2
0, 1457671118.48, 183, 0, sent, 1
0, 1457671118.65, 184, 0, sent, 2
0, 1457671118.82, 185, 0, internal
0, 1457671118.98, 186, 0, sent, 1
0, 1457671119.15, 187, 0, sent, 3
0, 1457671119.31, 188, 0, sent, 3
0, 1457671119.48, 189, 0, internal
0, 1457671119.65, 190, 0, sent, 3
0, 1457671119.81, 191, 0, internal
0, 1457671119.98, 192, 0, sent, 2
0, 1457671120.15, 193, 0, sent, 2
0, 1457671120.32, 194, 0, internal
0, 1457671120.48, 195, 0, sent, 1
0, 1457671120.65, 196, 0, sent, 3
0, 1457671120.82, 197, 0, sent, 3
0, 1457671120.98, 198, 0, sent, 2
0, 1457671121.15, 199, 0, internal
0, 1457671121.32, 200, 0, recieved, 1, 199
0, 1457671121.48, 201, 0, internal
0, 1457671121.65, 202, 0, sent, 2
0, 1457671121.82, 203, 0, recieved, 1, 201
0, 1457671121.98, 204, 0, internal
0, 1457671122.15, 205, 0, internal
0, 1457671122.31, 206, 0, sent, 3
0, 1457671122.48, 207, 0, sent, 3
0, 1457671122.65, 208, 0, internal
0, 1457671122.82, 209, 0, sent, 3
0, 1457671122.98, 210, 0, sent, 3
0, 1457671123.15, 211, 0, internal
0, 1457671123.32, 213, 0, recieved, 1, 212
0, 1457671123.48, 214, 0, sent, 3
0, 1457671123.65, 215, 0, sent, 1
0, 1457671123.82, 216, 0, sent, 1
0, 1457671123.98, 217, 0, sent, 3
0, 1457671124.15, 218, 0, sent, 2
0, 1457671124.32, 219, 0, internal
0, 1457671124.48, 220, 0, recieved, 1, 219
0, 1457671124.65, 221, 0, recieved, 1, 220
0, 1457671124.81, 222, 0, internal
0, 1457671124.98, 223, 0, sent, 3
0, 1457671125.15, 224, 0, sent, 3
0, 1457671125.32, 225, 0, sent, 3
0, 1457671125.48, 226, 0, sent, 1
0, 1457671125.65, 227, 0, sent, 2
0, 1457671125.82, 228, 0, internal
0, 1457671125.98, 229, 0, sent, 1
0, 1457671126.15, 230, 0, sent, 2
0, 1457671126.32, 231, 0, sent, 3
0, 1457671126.48, 232, 0, sent, 2
0, 1457671126.65, 233, 0, internal
0, 1457671126.82, 234, 0, sent, 3
0, 1457671126.98, 235, 0, sent, 3
0, 1457671127.15, 236, 0, sent, 3
0, 1457671127.31, 237, 0, internal
0, 1457671127.48, 239, 0, recieved, 1, 238
0, 1457671127.65, 240, 0, sent, 1
0, 1457671127.82, 241, 0, sent, 2
0, 1457671127.98, 242, 0, sent, 3
0, 1457671128.15, 243, 0, internal
0, 1457671128.32, 245, 0, recieved, 1, 244
0, 1457671128.48, 246, 0, sent, 2
0, 1457671128.65, 247, 0, internal
0, 1457671128.82, 248, 0, sent, 3
0, 1457671128.98, 249, 0, sent, 1
0, 1457671129.15, 250, 0, sent, 3
0, 1457671129.32, 251, 0, sent, 2
0, 1457671129.48, 253, 0, recieved, 1, 252
0, 1457671129.65, 254, 0, sent, 3
0, 1457671129.82, 255, 0, recieved, 1, 253
0, 1457671129.98, 256, 0, sent, 2
0, 1457671130.15, 257, 0, recieved, 1, 256
0, 1457671130.31, 258, 0, sent, 3
0, 1457671130.48, 259, 0, sent, 2
0, 1457671130.65, 260, 0, internal
0, 1457671130.82, 261, 0, sent, 2
0, 1457671130.98, 262, 0, recieved, 1, 261
0, 1457671131.15, 263, 0, internal
0, 1457671131.32, 264, 0, recieved, 1, 263
0, 1457671131.48, 265, 0, internal
0, 1457671131.65, 266, 0, sent, 1
0, 1457671131.81, 267, 0, sent, 3
0, 1457671131.98, 268, 0, sent, 1
0, 1457671132.15, 269, 0, internal
0, 1457671132.32, 270, 0, sent, 3
0, 1457671132.48, 271, 0, sent, 3
0, 1457671132.65, 272, 0, internal
0, 1457671132.82, 273, 0, sent, 2
0, 1457671132.98, 274, 0, sent, 3
0, 1457671133.15, 275, 0, internal
0, 1457671133.32, 277, 0, recieved, 1, 276
0, 1457671133.48, 278, 0, sent, 1
0, 1457671133.65, 279, 0, sent, 1
0, 1457671133.82, 280, 0, internal
0, 1457671133.98, 281, 0, internal
0, 1457671134.15, 282, 0, internal
0, 1457671134.32, 283, 0, sent, 1
0, 1457671134.48, 284, 0, sent, 3
0, 1457671134.65, 285, 0, sent, 2
0, 1457671134.81, 286, 0, internal
0, 1457671134.98, 287, 0, sent, 2
0, 1457671135.15, 288, 0, sent, 3
0, 1457671135.32, 289, 0, sent, 3
0, 1457671135.48, 290, 0, internal
0, 1457671135.65, 291, 0, internal
0, 1457671135.82, 292, 0, internal
0, 1457671135.98, 293, 0, sent, 2
0, 1457671136.15, 294, 0, recieved, 1, 293
0, 1457671136.32, 295, 0, recieved, 1, 294
0, 1457671136.48, 296, 0, recieved, 1, 295
0, 1457671136.65, 297, 0, sent, 2
0, 1457671136.82, 298, 0, sent, 1
0, 1457671136.98, 299, 0, sent, 2
0, 1457671137.15, 301, 0, recieved, 1, 300
0, 1457671137.32, 302, 0, sent, 1
0, 1457671137.48, 303, 0, sent, 2
0, 1457671137.65, 304, 0, sent, 2
0, 1457671137.82, 305, 0, sent, 1
0, 1457671137.98, 306, 0, internal
0, 1457671138.15, 308, 0, recieved, 1, 307
0, 1457671138.32, 309, 0, sent, 3
0, 1457671138.48, 310, 0, internal
0, 1457671138.65, 311, 0, internal
0, 1457671138.81, 312, 0, sent, 3
0, 1457671138.98, 313, 0, sent, 3
0, 1457671139.15, 314, 0, sent, 1
0, 1457671139.32, 315, 0, sent, 3
0, 1457671139.48, 316, 0, sent, 2
0, 1457671139.65, 317, 0, sent, 1
0, 1457671139.82, 318, 0, sent, 2
0, 1457671139.98, 319, 0, sent, 2
0, 1457671140.15, 320, 0, sent, 2
0, 1457671140.32, 321, 0, recieved, 1, 320
0, 1457671140.48, 322, 0, recieved, 1, 321
0, 1457671140.65, 323, 0, internal
0, 1457671140.82, 324, 0, sent, 1
0, 1457671140.98, 325, 0, sent, 3
0, 1457671141.15, 326, 0, internal
0, 1457671141.32, 327, 0, internal
0, 1457671141.48, 329, 0, recieved, 1, 328
0, 1457671141.65, 330, 0, internal
0, 1457671141.82, 331, 0, recieved, 1, 329
0, 1457671141.98, 332, 0, sent, 1
0, 1457671142.15, 333, 0, sent, 3
0, 1457671142.32, 334, 0, sent, 3
0, 1457671142.48, 335, 0, internal
0, 1457671142.65, 336, 0, sent, 3
0, 1457671142.82, 337, 0, sent, 1
0, 1457671142.98, 338, 0, sent, 3
0, 1457671143.15, 339, 0, internal
0, 1457671143.31, 340, 0, sent, 1
0, 1457671143.48, 341, 0, internal
0, 1457671143.65, 342, 0, internal
0, 1457671143.82, 343, 0, internal
0, 1457671143.98, 344, 0, internal
0, 1457671144.15, 345, 0, internal
0, 1457671144.32, 346, 0, sent, 2
0, 1457671144.48, 347, 0, internal
0, 1457671144.65, 348, 0, sent, 2
0, 1457671144.82, 349, 0, sent, 3
0, 1457671144.98, 350, 0, internal
0, 1457671145.15, 351, 0, internal
0, 1457671145.31, 353, 0, recieved, 1, 352
0, 1457671145.48, 354, 0, sent, 1
0, 1457671145.65, 355, 0, sent, 3
0, 1457671145.81, 356, 0, internal
0, 1457671145.98, 357, 0, sent, 1
0, 1457671146.15, 358, 0, internal
0, 1457671146.31, 359, 0, sent, 2
0, 1457671146.48, 360, 0, internal
0, 1457671146.65, 362, 0, recieved, 1, 361
0, 1457671146.81, 363, 0, sent, 1
0, 1457671146.98, 364, 0, internal
0, 1457671147.15, 365, 0, internal
0, 1457671147.32, 366, 0, internal
0, 1457671147.48, 367, 0, internal
0, 1457671147.65, 368, 0, sent, 1
0, 1457671147.82, 369, 0, recieved, 1, 368
0, 1457671147.98, 370, 0, sent, 3
0, 1457671148.15, 371, 0, sent, 3
0, 1457671148.32, 372, 0, sent, 3
0, 1457671148.48, 373, 0, sent, 1
0, 1457671148.65, 374, 0, internal
0, 1457671148.81, 375, 0, internal
0, 1457671148.98, 376, 0, sent, 2
0, 1457671149.15, 377, 0, internal
0, 1457671149.32, 378, 0, recieved, 1, 377
0, 1457671149.48, 379, 0, recieved, 1, 378
