2, 1457671089.65, 2, 0, internal
2, 1457671090.15, 4, 1, recieved, 0, 3
2, 1457671090.65, 6, 1, recieved, 0, 5
2, 1457671091.15, 7, 1, recieved, 0, 6
2, 1457671091.65, 12, 1, recieved, 0, 11
2, 1457671092.15, 16, 1, recieved, 0, 15
2, 1457671092.65, 18, 3, recieved, 0, 17
2, 1457671093.15, 19, 2, recieved, 1, 18
2, 1457671093.65, 21, 3, recieved, 1, 20
2, 1457671094.15, 22, 4, recieved, 0, 21
2, 1457671094.65, 26, 5, recieved, 1, 25
2, 1457671095.15, 27, 7, recieved, 1, 26
2, 1457671095.65, 30, 7, recieved, 0, 29
2, 1457671096.15, 32, 8, recieved, 0, 31
2, 1457671096.65, 34, 7, recieved, 0, 33
2, 1457671097.15, 35, 8, recieved, 0, 34
2, 1457671097.65, 36, 9, recieved, 1, 35
2, 1457671098.15, 37, 10, recieved, 1, 36
2, 1457671098.65, 38, 10, recieved, 0, 37
2, 1457671099.15, 40, 11, recieved, 0, 39
2, 1457671099.65, 42, 11, recieved, 0, 41
2, 1457671100.15, 44, 12, recieved, 1, 43
2, 1457671100.65, 48, 11, recieved, 1, 47
2, 1457671101.15, 50, 12, recieved, 0, 49
2, 1457671101.65, 52, 13, recieved, 0, 51
2, 1457671102.15, 54, 13, recieved, 0, 53
2, 1457671102.65, 55, 13, recieved, 0, 54
2, 1457671103.15, 56, 13, recieved, 1, 54
2, 1457671103.65, 60, 14, recieved, 1, 59
2, 1457671104.15, 61, 16, recieved, 1, 60
2, 1457671104.65, 62, 18, recieved, 1, 61
2, 1457671105.15, 67, 19, recieved, 1, 66
2, 1457671105.65, 69, 19, recieved, 0, 68
2, 1457671106.15, 70, 19, recieved, 1, 68
2, 1457671106.65, 75, 22, recieved, 1, 74
2, 1457671107.15, 76, 22, recieved, 0, 75
2, 1457671107.65, 77, 22, recieved, 0, 76
2, 1457671108.15, 79, 21, recieved, 0, 78
2, 1457671108.65, 81, 21, recieved, 1, 80
2, 1457671109.15, 85, 21, recieved, 0, 84
2, 1457671109.65, 87, 22, recieved, 0, 86
2, 1457671110.15, 88, 22, recieved, 1, 87
2, 1457671110.65, 90, 23, recieved, 0, 89
2, 1457671111.15, 92, 24, recieved, 1, 91
2, 1457671111.65, 93, 25, recieved, 0, 92
2, 1457671112.15, 94, 24, recieved, 1, 92
2, 1457671112.65, 95, 25, recieved, 0, 94
2, 1457671113.15, 96, 26, recieved, 1, 94
2, 1457671113.65, 97, 25, recieved, 1, 95
2, 1457671114.15, 98, 25, recieved, 0, 97
2, 1457671114.65, 99, 24, recieved, 0, 98
2, 1457671115.15, 103, 25, recieved, 1, 102
2, 1457671115.65, 107, 27, recieved, 0, 106
2, 1457671116.15, 108, 26, recieved, 1, 106
2, 1457671116.65, 109, 27, recieved, 1, 107
2, 1457671117.15, 110, 27, recieved, 0, 108
2, 1457671117.65, 111, 28, recieved, 0, 109
2, 1457671118.15, 112, 29, recieved, 0, 110
2, 1457671118.65, 114, 30, recieved, 0, 113
2, 1457671119.15, 121, 31, recieved, 0, 120
2, 1457671119.65, 125, 32, recieved, 0, 124
2, 1457671120.15, 127, 33, recieved, 1, 126
2, 1457671120.65, 128, 34, recieved, 0, 127
2, 1457671121.15, 131, 35, recieved, 0, 130
2, 1457671121.65, 132, 36, recieved, 0, 131
2, 1457671122.15, 134, 37, recieved, 0, 133
2, 1457671122.65, 135, 38, recieved, 0, 134
2, 1457671123.15, 136, 39, recieved, 0, 135
2, 1457671123.65, 138, 39, recieved, 1, 137
2, 1457671124.15, 139, 40, recieved, 0, 138
2, 1457671124.65, 145, 40, recieved, 1, 144
2, 1457671125.15, 146, 41, recieved, 1, 145
2, 1457671125.65, 149, 42, recieved, 0, 148
2, 1457671126.15, 150, 43, recieved, 1, 147
2, 1457671126.65, 154, 44, recieved, 1, 153
2, 1457671127.15, 159, 46, recieved, 1, 158
2, 1457671127.65, 162, 47, recieved, 0, 161
2, 1457671128.15, 163, 48, recieved, 0, 162
2, 1457671128.65, 164, 50, recieved, 1, 163
2, 1457671129.15, 165, 51, recieved, 1, 164
2, 1457671129.65, 170, 53, recieved, 0, 169
2, 1457671130.15, 173, 53, recieved, 0, 172
2, 1457671130.65, 175, 54, recieved, 0, 174
2, 1457671131.15, 176, 55, recieved, 1, 174
2, 1457671131.65, 178, 54, recieved, 0, 177
2, 1457671132.15, 179, 54, recieved, 1, 177
2, 1457671132.65, 182, 55, recieved, 0, 181
2, 1457671133.15, 183, 56, recieved, 0, 182
2, 1457671133.65, 185, 57, recieved, 0, 184
2, 1457671134.15, 186, 56, recieved, 1, 185
2, 1457671134.65, 188, 58, recieved, 0, 187
2, 1457671135.15, 189, 60, recieved, 0, 188
2, 1457671135.65, 191, 61, recieved, 0, 190
2, 1457671136.15, 193, 62, recieved, 0, 192
2, 1457671136.65, 194, 62, recieved, 0, 193
2, 1457671137.15, 195, 62, recieved, 1, 194
2, 1457671137.65, 197, 63, recieved, 0, 196
2, 1457671138.15, 198, 62, recieved, 0, 197
2, 1457671138.65, 199, 63, recieved, 0, 198
2, 1457671139.15, 203, 64, recieved, 0, 202
2, 1457671139.65, 204, 65, recieved, 1, 201
2, 1457671140.15, 205, 68, recieved, 1, 202
2, 1457671140.65, 206, 68, recieved, 1, 203
2, 1457671141.15, 207, 68, recieved, 0, 206
2, 1457671141.65, 208, 69, recieved, 0, 207
2, 1457671142.15, 210, 70, recieved, 0, 209
2, 1457671142.65, 211, 71, recieved, 0, 210
2, 1457671143.15, 215, 71, recieved, 0, 214
2, 1457671143.65, 218, 70, recieved, 0, 217
2, 1457671144.15, 219, 69, recieved, 0, 218
2, 1457671144.65, 221, 71, recieved, 1, 220
2, 1457671145.15, 224, 71, recieved, 0, 223
2, 1457671145.65, 225, 71, recieved, 0, 224
2, 1457671146.15, 226, 70, recieved, 0, 225
2, 1457671146.65, 228, 70, recieved, 0, 227
2, 1457671147.15, 229, 69, recieved, 1, 228
2, 1457671147.65, 231, 69, recieved, 0, 230
2, 1457671148.15, 232, 70, recieved, 0, 231
2, 1457671148.65, 233, 70, recieved, 0, 232
2, 1457671149.15, 235, 71, recieved, 0, 234
