2, 1457671692.81, 3, 0, recieved, 0, 2
2, 1457671692.9, 4, 0, internal
2, 1457671692.99, 5, 0, recieved, 0, 4
2, 1457671693.08, 6, 0, sent, 1
2, 1457671693.17, 7, 0, internal
2, 1457671693.27, 8, 0, sent, 3
2, 1457671693.36, 9, 0, internal
2, 1457671693.45, 10, 0, internal
2, 1457671693.54, 13, 1, recieved, 0, 12
2, 1457671693.63, 14, 1, recieved, 0, 13
2, 1457671693.72, 15, 0, recieved, 0, 14
2, 1457671693.81, 18, 0, recieved, 0, 17
2, 1457671693.9, 19, 0, sent, 1
2, 1457671693.99, 20, 0, sent, 1
2, 1457671694.08, 21, 0, internal
2, 1457671694.17, 22, 0, internal
2, 1457671694.27, 25, 0, recieved, 0, 24
2, 1457671694.36, 26, 0, internal
2, 1457671694.45, 27, 0, sent, 2
2, 1457671694.54, 28, 1, recieved, 0, 27
2, 1457671694.63, 29, 0, recieved, 0, 28
2, 1457671694.72, 31, 0, recieved, 0, 30
2, 1457671694.81, 33, 0, recieved, 0, 32
2, 1457671694.9, 34, 0, sent, 1
2, 1457671694.99, 35, 0, sent, 1
2, 1457671695.08, 36, 0, sent, 2
2, 1457671695.17, 38, 1, recieved, 0, 37
2, 1457671695.27, 39, 0, recieved, 0, 38
2, 1457671695.36, 40, 0, sent, 3
2, 1457671695.45, 41, 0, internal
2, 1457671695.54, 42, 0, sent, 1
2, 1457671695.63, 43, 0, sent, 3
2, 1457671695.72, 44, 0, sent, 2
2, 1457671695.81, 48, 0, recieved, 0, 47
2, 1457671695.9, 49, 0, recieved, 0, 48
2, 1457671695.99, 50, 0, recieved, 0, 49
2, 1457671696.08, 51, 0, sent, 3
2, 1457671696.17, 54, 0, recieved, 0, 53
2, 1457671696.27, 55, 0, sent, 1
2, 1457671696.36, 56, 0, sent, 3
2, 1457671696.45, 57, 0, internal
2, 1457671696.54, 58, 0, internal
2, 1457671696.63, 59, 0, internal
2, 1457671696.72, 62, 0, recieved, 0, 61
2, 1457671696.81, 63, 0, internal
2, 1457671696.9, 64, 0, sent, 3
2, 1457671696.99, 65, 0, sent, 1
2, 1457671697.08, 66, 0, sent, 2
2, 1457671697.17, 68, 1, recieved, 0, 67
2, 1457671697.27, 69, 0, recieved, 0, 68
2, 1457671697.36, 70, 0, sent, 2
2, 1457671697.45, 71, 0, sent, 1
2, 1457671697.54, 72, 0, internal
2, 1457671697.63, 75, 0, recieved, 0, 74
2, 1457671697.72, 76, 0, sent, 3
2, 1457671697.81, 77, 0, sent, 1
2, 1457671697.9, 78, 0, sent, 2
2, 1457671697.99, 81, 0, recieved, 0, 80
2, 1457671698.08, 82, 0, sent, 1
2, 1457671698.17, 85, 0, recieved, 0, 84
2, 1457671698.27, 86, 0, recieved, 0, 85
2, 1457671698.36, 87, 0, recieved, 0, 86
2, 1457671698.45, 88, 0, internal
2, 1457671698.54, 89, 1, recieved, 0, 88
2, 1457671698.63, 90, 1, recieved, 0, 89
2, 1457671698.72, 91, 0, recieved, 0, 90
2, 1457671698.81, 92, 0, internal
2, 1457671698.9, 93, 0, sent, 2
2, 1457671698.99, 96, 0, recieved, 0, 95
2, 1457671699.08, 97, 0, sent, 2
2, 1457671699.17, 98, 1, recieved, 0, 97
2, 1457671699.26, 99, 0, recieved, 0, 98
2, 1457671699.36, 101, 0, recieved, 0, 100
2, 1457671699.45, 102, 0, sent, 3
2, 1457671699.54, 105, 0, recieved, 0, 104
2, 1457671699.63, 106, 0, recieved, 0, 105
2, 1457671699.72, 107, 0, recieved, 0, 106
2, 1457671699.81, 108, 0, sent, 1
2, 1457671699.9, 109, 0, sent, 3
2, 1457671699.99, 110, 0, internal
2, 1457671700.08, 112, 0, recieved, 0, 111
2, 1457671700.17, 114, 0, recieved, 0, 113
2, 1457671700.27, 115, 0, internal
2, 1457671700.36, 116, 0, recieved, 0, 115
2, 1457671700.45, 117, 0, sent, 2
2, 1457671700.54, 118, 1, recieved, 0, 117
2, 1457671700.63, 119, 0, recieved, 0, 118
2, 1457671700.72, 120, 0, internal
2, 1457671700.81, 123, 0, recieved, 0, 122
2, 1457671700.9, 124, 0, recieved, 0, 123
2, 1457671700.99, 125, 0, recieved, 0, 124
2, 1457671701.08, 126, 0, recieved, 0, 125
2, 1457671701.17, 127, 0, recieved, 0, 126
2, 1457671701.27, 128, 0, internal
2, 1457671701.36, 129, 0, sent, 2
2, 1457671701.45, 131, 0, recieved, 0, 130
2, 1457671701.54, 132, 1, recieved, 0, 131
2, 1457671701.63, 133, 1, recieved, 0, 132
2, 1457671701.72, 134, 1, recieved, 0, 133
2, 1457671701.81, 135, 1, recieved, 0, 134
2, 1457671701.9, 136, 1, recieved, 0, 135
2, 1457671701.99, 138, 0, recieved, 0, 137
2, 1457671702.08, 140, 0, recieved, 0, 139
2, 1457671702.17, 141, 0, recieved, 0, 140
2, 1457671702.26, 142, 0, sent, 2
2, 1457671702.36, 143, 0, sent, 2
2, 1457671702.45, 145, 0, recieved, 0, 144
2, 1457671702.54, 146, 0, recieved, 0, 145
2, 1457671702.63, 147, 0, internal
2, 1457671702.72, 149, 0, recieved, 0, 148
2, 1457671702.81, 151, 0, recieved, 0, 150
2, 1457671702.9, 152, 0, recieved, 0, 151
2, 1457671702.99, 153, 0, internal
2, 1457671703.08, 154, 0, recieved, 0, 153
2, 1457671703.17, 155, 0, sent, 3
2, 1457671703.27, 156, 0, sent, 2
2, 1457671703.36, 158, 0, recieved, 0, 157
2, 1457671703.45, 159, 0, sent, 2
2, 1457671703.54, 160, 0, recieved, 0, 159
2, 1457671703.63, 161, 0, internal
2, 1457671703.72, 163, 0, recieved, 0, 162
2, 1457671703.81, 164, 0, recieved, 0, 163
2, 1457671703.9, 165, 0, sent, 2
2, 1457671703.99, 166, 0, sent, 2
2, 1457671704.08, 168, 0, recieved, 0, 167
2, 1457671704.17, 170, 0, recieved, 0, 169
2, 1457671704.26, 171, 0, internal
2, 1457671704.36, 172, 0, recieved, 0, 171
2, 1457671704.45, 173, 0, recieved, 0, 172
2, 1457671704.54, 174, 0, internal
2, 1457671704.63, 175, 0, internal
2, 1457671704.72, 176, 0, internal
2, 1457671704.81, 177, 0, sent, 2
2, 1457671704.9, 178, 0, sent, 1
2, 1457671704.99, 179, 0, sent, 1
2, 1457671705.08, 180, 0, sent, 3
2, 1457671705.17, 181, 0, internal
2, 1457671705.27, 182, 0, internal
2, 1457671705.36, 183, 0, internal
2, 1457671705.45, 187, 0, recieved, 0, 186
2, 1457671705.54, 188, 0, recieved, 0, 187
2, 1457671705.63, 189, 0, internal
2, 1457671705.72, 190, 0, sent, 2
2, 1457671705.81, 193, 0, recieved, 0, 192
2, 1457671705.9, 194, 0, recieved, 0, 193
2, 1457671705.99, 195, 0, sent, 3
2, 1457671706.08, 196, 0, sent, 2
2, 1457671706.17, 198, 1, recieved, 0, 197
2, 1457671706.27, 199, 1, recieved, 0, 198
2, 1457671706.36, 200, 1, recieved, 0, 199
2, 1457671706.45, 201, 0, recieved, 0, 200
2, 1457671706.54, 203, 0, recieved, 0, 202
2, 1457671706.63, 205, 0, recieved, 0, 204
2, 1457671706.72, 206, 0, sent, 1
2, 1457671706.81, 207, 0, sent, 1
2, 1457671706.9, 208, 0, sent, 1
2, 1457671706.99, 209, 0, sent, 3
2, 1457671707.08, 210, 0, sent, 3
2, 1457671707.17, 211, 0, sent, 3
2, 1457671707.27, 212, 0, sent, 1
2, 1457671707.36, 213, 0, sent, 2
2, 1457671707.45, 214, 0, internal
2, 1457671707.54, 219, 0, recieved, 0, 218
2, 1457671707.63, 220, 0, recieved, 0, 219
2, 1457671707.72, 221, 0, internal
2, 1457671707.81, 222, 1, recieved, 0, 221
2, 1457671707.9, 223, 1, recieved, 0, 222
2, 1457671707.99, 224, 1, recieved, 0, 223
2, 1457671708.08, 225, 0, recieved, 0, 224
2, 1457671708.17, 227, 1, recieved, 0, 226
2, 1457671708.26, 228, 0, recieved, 0, 227
2, 1457671708.36, 229, 0, sent, 1
2, 1457671708.45, 230, 0, sent, 2
2, 1457671708.54, 232, 1, recieved, 0, 231
2, 1457671708.63, 233, 0, recieved, 0, 232
2, 1457671708.72, 235, 0, recieved, 0, 234
2, 1457671708.81, 236, 1, recieved, 0, 235
2, 1457671708.9, 237, 0, recieved, 0, 236
2, 1457671708.99, 239, 0, recieved, 0, 238
2, 1457671709.08, 240, 0, sent, 3
2, 1457671709.17, 243, 0, recieved, 0, 242
2, 1457671709.26, 244, 0, sent, 2
2, 1457671709.36, 245, 0, recieved, 0, 244
2, 1457671709.45, 246, 0, sent, 1
2, 1457671709.54, 247, 0, sent, 3
2, 1457671709.63, 248, 0, sent, 2
2, 1457671709.72, 249, 0, internal
2, 1457671709.81, 253, 0, recieved, 0, 252
2, 1457671709.9, 254, 0, internal
2, 1457671709.99, 255, 0, sent, 1
2, 1457671710.08, 256, 0, sent, 1
2, 1457671710.17, 259, 0, recieved, 0, 258
2, 1457671710.26, 260, 0, internal
2, 1457671710.36, 261, 0, internal
2, 1457671710.45, 262, 0, recieved, 0, 261
2, 1457671710.54, 264, 0, recieved, 0, 263
2, 1457671710.63, 265, 0, sent, 3
2, 1457671710.72, 266, 0, internal
2, 1457671710.81, 269, 0, recieved, 0, 268
2, 1457671710.9, 270, 0, internal
2, 1457671710.99, 271, 0, internal
2, 1457671711.08, 272, 0, internal
2, 1457671711.17, 273, 0, internal
2, 1457671711.27, 274, 0, internal
2, 1457671711.36, 276, 0, recieved, 0, 275
2, 1457671711.45, 277, 0, sent, 2
2, 1457671711.54, 278, 0, recieved, 0, 277
2, 1457671711.63, 279, 0, internal
2, 1457671711.72, 280, 0, internal
2, 1457671711.81, 282, 0, recieved, 0, 281
2, 1457671711.9, 284, 0, recieved, 0, 283
2, 1457671711.99, 285, 0, internal
2, 1457671712.08, 286, 0, sent, 2
2, 1457671712.17, 287, 0, sent, 1
2, 1457671712.27, 288, 0, internal
2, 1457671712.36, 289, 0, sent, 2
2, 1457671712.45, 291, 0, recieved, 0, 290
2, 1457671712.54, 292, 0, sent, 3
2, 1457671712.63, 293, 0, internal
2, 1457671712.72, 295, 0, recieved, 0, 294
2, 1457671712.81, 296, 1, recieved, 0, 295
2, 1457671712.9, 297, 1, recieved, 0, 296
2, 1457671712.99, 298, 0, recieved, 0, 297
2, 1457671713.08, 300, 0, recieved, 0, 299
2, 1457671713.17, 302, 0, recieved, 0, 301
2, 1457671713.27, 303, 0, sent, 1
2, 1457671713.36, 304, 0, internal
2, 1457671713.45, 305, 0, sent, 3
2, 1457671713.54, 306, 0, sent, 1
2, 1457671713.63, 307, 0, sent, 1
2, 1457671713.72, 308, 0, sent, 3
2, 1457671713.81, 312, 0, recieved, 0, 311
2, 1457671713.9, 313, 0, recieved, 0, 312
2, 1457671713.99, 314, 0, internal
2, 1457671714.08, 315, 0, internal
2, 1457671714.17, 316, 0, recieved, 0, 315
2, 1457671714.26, 318, 0, recieved, 0, 317
2, 1457671714.36, 319, 0, sent, 2
2, 1457671714.45, 320, 0, internal
2, 1457671714.54, 322, 0, recieved, 0, 321
2, 1457671714.63, 323, 0, sent, 2
2, 1457671714.72, 324, 0, internal
2, 1457671714.81, 325, 0, sent, 3
2, 1457671714.9, 326, 0, internal
2, 1457671714.99, 327, 0, sent, 3
2, 1457671715.08, 328, 0, sent, 1
2, 1457671715.17, 331, 0, recieved, 0, 330
2, 1457671715.26, 332, 0, recieved, 0, 331
2, 1457671715.36, 333, 0, recieved, 0, 332
2, 1457671715.45, 334, 0, sent, 2
2, 1457671715.54, 336, 0, recieved, 0, 335
2, 1457671715.63, 337, 0, sent, 2
2, 1457671715.72, 338, 0, sent, 3
2, 1457671715.81, 339, 0, sent, 1
2, 1457671715.9, 340, 0, internal
2, 1457671715.99, 341, 0, internal
2, 1457671716.08, 344, 0, recieved, 0, 343
2, 1457671716.17, 346, 0, recieved, 0, 345
2, 1457671716.27, 347, 0, internal
2, 1457671716.36, 348, 0, sent, 2
2, 1457671716.45, 349, 0, internal
2, 1457671716.54, 350, 0, sent, 3
2, 1457671716.63, 351, 0, sent, 3
2, 1457671716.72, 352, 0, internal
2, 1457671716.81, 354, 1, recieved, 0, 353
2, 1457671716.9, 355, 0, recieved, 0, 354
2, 1457671716.99, 356, 0, sent, 1
2, 1457671717.08, 357, 0, sent, 1
2, 1457671717.17, 358, 0, internal
2, 1457671717.27, 359, 0, internal
2, 1457671717.36, 362, 0, recieved, 0, 361
2, 1457671717.45, 363, 0, internal
2, 1457671717.54, 364, 0, sent, 2
2, 1457671717.63, 366, 0, recieved, 0, 365
2, 1457671717.72, 367, 0, internal
2, 1457671717.81, 368, 0, internal
2, 1457671717.9, 370, 0, recieved, 0, 369
2, 1457671717.99, 371, 0, sent, 1
2, 1457671718.08, 372, 0, sent, 2
2, 1457671718.17, 373, 0, sent, 2
2, 1457671718.27, 374, 0, sent, 3
2, 1457671718.36, 375, 0, sent, 2
2, 1457671718.45, 376, 0, sent, 2
2, 1457671718.54, 379, 1, recieved, 0, 378
2, 1457671718.63, 380, 1, recieved, 0, 379
2, 1457671718.72, 381, 1, recieved, 0, 380
2, 1457671718.81, 382, 0, recieved, 0, 381
2, 1457671718.9, 383, 0, internal
2, 1457671718.99, 384, 0, internal
2, 1457671719.08, 385, 0, sent, 1
2, 1457671719.17, 386, 0, sent, 2
2, 1457671719.26, 390, 0, recieved, 0, 389
2, 1457671719.36, 391, 0, recieved, 0, 390
2, 1457671719.45, 392, 0, recieved, 0, 391
2, 1457671719.54, 393, 0, sent, 3
2, 1457671719.63, 394, 0, internal
2, 1457671719.72, 395, 0, internal
2, 1457671719.81, 397, 1, recieved, 0, 396
2, 1457671719.9, 398, 0, recieved, 0, 397
2, 1457671719.99, 400, 0, recieved, 0, 399
2, 1457671720.08, 401, 0, recieved, 0, 400
2, 1457671720.17, 402, 0, recieved, 0, 401
2, 1457671720.27, 404, 0, recieved, 0, 403
2, 1457671720.36, 405, 0, recieved, 0, 404
2, 1457671720.45, 406, 0, internal
2, 1457671720.54, 407, 0, recieved, 0, 406
2, 1457671720.63, 408, 0, internal
2, 1457671720.72, 410, 0, recieved, 0, 409
2, 1457671720.81, 412, 0, recieved, 0, 411
2, 1457671720.9, 413, 0, internal
2, 1457671720.99, 414, 0, recieved, 0, 413
2, 1457671721.08, 415, 0, sent, 3
2, 1457671721.17, 416, 0, sent, 2
2, 1457671721.26, 417, 0, sent, 1
2, 1457671721.36, 418, 0, internal
2, 1457671721.45, 421, 0, recieved, 0, 420
2, 1457671721.54, 423, 0, recieved, 0, 422
2, 1457671721.63, 424, 0, recieved, 0, 423
2, 1457671721.72, 425, 0, sent, 3
2, 1457671721.81, 426, 0, internal
2, 1457671721.9, 427, 0, sent, 1
2, 1457671721.99, 428, 0, sent, 3
2, 1457671722.08, 429, 0, internal
2, 1457671722.17, 432, 0, recieved, 0, 431
2, 1457671722.27, 434, 0, recieved, 0, 433
2, 1457671722.36, 435, 0, internal
2, 1457671722.45, 436, 0, sent, 1
2, 1457671722.54, 439, 0, recieved, 0, 438
2, 1457671722.63, 440, 0, sent, 2
2, 1457671722.72, 441, 0, internal
2, 1457671722.81, 442, 0, recieved, 0, 441
2, 1457671722.9, 443, 0, sent, 2
2, 1457671722.99, 445, 0, recieved, 0, 444
2, 1457671723.08, 446, 0, sent, 3
2, 1457671723.17, 447, 0, sent, 2
2, 1457671723.27, 448, 0, internal
2, 1457671723.36, 449, 0, internal
2, 1457671723.45, 450, 0, internal
2, 1457671723.54, 453, 0, recieved, 0, 452
2, 1457671723.63, 454, 0, sent, 1
2, 1457671723.72, 455, 0, internal
2, 1457671723.81, 457, 1, recieved, 0, 456
2, 1457671723.9, 458, 1, recieved, 0, 457
2, 1457671723.99, 459, 0, recieved, 0, 458
2, 1457671724.08, 460, 0, internal
2, 1457671724.17, 461, 0, internal
2, 1457671724.27, 464, 0, recieved, 0, 463
2, 1457671724.36, 465, 0, recieved, 0, 464
2, 1457671724.45, 466, 0, sent, 1
2, 1457671724.54, 469, 0, recieved, 0, 468
2, 1457671724.63, 470, 0, sent, 2
2, 1457671724.72, 471, 0, sent, 2
2, 1457671724.81, 473, 0, recieved, 0, 472
2, 1457671724.9, 474, 0, recieved, 0, 473
2, 1457671724.99, 475, 0, recieved, 0, 474
2, 1457671725.08, 476, 0, recieved, 0, 475
2, 1457671725.17, 477, 0, recieved, 0, 476
2, 1457671725.26, 478, 0, sent, 3
2, 1457671725.36, 479, 0, sent, 2
2, 1457671725.45, 480, 0, sent, 1
2, 1457671725.54, 483, 0, recieved, 0, 482
2, 1457671725.63, 484, 0, internal
2, 1457671725.72, 485, 0, sent, 3
2, 1457671725.81, 488, 0, recieved, 0, 487
2, 1457671725.9, 489, 0, recieved, 0, 488
2, 1457671725.99, 490, 0, recieved, 0, 489
2, 1457671726.08, 491, 0, recieved, 0, 490
2, 1457671726.17, 492, 0, recieved, 0, 491
2, 1457671726.26, 493, 0, internal
2, 1457671726.36, 494, 0, sent, 3
2, 1457671726.45, 495, 0, internal
2, 1457671726.54, 496, 0, internal
2, 1457671726.63, 499, 0, recieved, 0, 498
2, 1457671726.72, 500, 0, recieved, 0, 499
2, 1457671726.81, 501, 1, recieved, 0, 500
2, 1457671726.9, 502, 1, recieved, 0, 501
2, 1457671726.99, 503, 0, recieved, 0, 502
2, 1457671727.08, 505, 0, recieved, 0, 504
2, 1457671727.17, 506, 0, recieved, 0, 505
2, 1457671727.26, 508, 0, recieved, 0, 507
2, 1457671727.36, 509, 0, recieved, 0, 508
2, 1457671727.45, 510, 0, sent, 3
2, 1457671727.54, 511, 0, sent, 1
2, 1457671727.63, 512, 0, sent, 2
2, 1457671727.72, 513, 0, sent, 1
2, 1457671727.81, 517, 0, recieved, 0, 516
2, 1457671727.9, 518, 0, recieved, 0, 517
2, 1457671727.99, 519, 0, internal
2, 1457671728.08, 520, 0, recieved, 0, 519
2, 1457671728.17, 521, 0, recieved, 0, 520
2, 1457671728.26, 523, 0, recieved, 0, 522
2, 1457671728.36, 524, 0, recieved, 0, 523
2, 1457671728.45, 525, 0, recieved, 0, 524
2, 1457671728.54, 526, 1, recieved, 0, 525
2, 1457671728.63, 527, 1, recieved, 0, 526
2, 1457671728.72, 528, 0, recieved, 0, 527
2, 1457671728.81, 529, 0, sent, 1
2, 1457671728.9, 530, 0, sent, 1
2, 1457671728.99, 531, 0, internal
2, 1457671729.08, 532, 0, sent, 3
2, 1457671729.17, 536, 0, recieved, 0, 535
2, 1457671729.26, 537, 0, sent, 3
2, 1457671729.36, 538, 0, sent, 2
2, 1457671729.45, 540, 0, recieved, 0, 539
2, 1457671729.54, 541, 1, recieved, 0, 540
2, 1457671729.63, 542, 1, recieved, 0, 541
2, 1457671729.72, 543, 1, recieved, 0, 542
2, 1457671729.81, 544, 0, recieved, 0, 543
2, 1457671729.9, 545, 0, sent, 3
2, 1457671729.99, 546, 0, sent, 1
2, 1457671730.08, 547, 0, sent, 3
2, 1457671730.17, 548, 0, sent, 3
2, 1457671730.27, 549, 0, internal
2, 1457671730.36, 550, 0, sent, 2
2, 1457671730.45, 551, 0, sent, 1
2, 1457671730.54, 552, 0, sent, 2
2, 1457671730.63, 553, 0, sent, 2
2, 1457671730.72, 554, 0, sent, 1
2, 1457671730.81, 555, 0, sent, 3
2, 1457671730.9, 556, 0, sent, 3
2, 1457671730.99, 557, 0, internal
2, 1457671731.08, 563, 0, recieved, 0, 562
2, 1457671731.17, 564, 0, recieved, 0, 563
2, 1457671731.26, 566, 0, recieved, 0, 565
2, 1457671731.36, 567, 0, recieved, 0, 566
2, 1457671731.45, 568, 0, sent, 1
2, 1457671731.54, 569, 0, sent, 1
2, 1457671731.63, 570, 0, sent, 3
2, 1457671731.72, 571, 0, internal
2, 1457671731.81, 574, 0, recieved, 0, 573
2, 1457671731.9, 576, 0, recieved, 0, 575
2, 1457671731.99, 577, 0, sent, 1
2, 1457671732.08, 578, 0, sent, 3
2, 1457671732.17, 579, 0, sent, 1
2, 1457671732.27, 580, 0, internal
2, 1457671732.36, 583, 0, recieved, 0, 582
2, 1457671732.45, 584, 0, internal
2, 1457671732.54, 585, 0, sent, 3
2, 1457671732.63, 586, 0, internal
2, 1457671732.72, 588, 0, recieved, 0, 587
2, 1457671732.81, 589, 0, recieved, 0, 588
2, 1457671732.9, 590, 0, sent, 1
2, 1457671732.99, 591, 0, internal
2, 1457671733.08, 592, 0, internal
2, 1457671733.17, 593, 0, internal
2, 1457671733.27, 596, 0, recieved, 0, 595
2, 1457671733.36, 597, 0, sent, 3
2, 1457671733.45, 598, 0, internal
2, 1457671733.54, 599, 0, internal
2, 1457671733.63, 602, 0, recieved, 0, 601
2, 1457671733.72, 603, 0, internal
2, 1457671733.81, 604, 1, recieved, 0, 603
2, 1457671733.9, 605, 0, recieved, 0, 604
2, 1457671733.99, 607, 0, recieved, 0, 606
2, 1457671734.08, 608, 0, sent, 1
2, 1457671734.17, 611, 0, recieved, 0, 610
2, 1457671734.27, 612, 0, recieved, 0, 611
2, 1457671734.36, 613, 0, sent, 2
2, 1457671734.45, 614, 0, sent, 2
2, 1457671734.54, 615, 0, sent, 2
2, 1457671734.63, 617, 0, recieved, 0, 616
2, 1457671734.72, 618, 0, recieved, 0, 617
2, 1457671734.81, 619, 1, recieved, 0, 618
2, 1457671734.9, 620, 0, recieved, 0, 619
2, 1457671734.99, 622, 0, recieved, 0, 621
2, 1457671735.08, 623, 0, recieved, 0, 622
2, 1457671735.17, 624, 0, recieved, 0, 623
2, 1457671735.27, 626, 0, recieved, 0, 625
2, 1457671735.36, 627, 0, recieved, 0, 626
2, 1457671735.45, 628, 0, sent, 1
2, 1457671735.54, 631, 0, recieved, 0, 630
2, 1457671735.63, 632, 0, recieved, 0, 631
2, 1457671735.72, 633, 0, internal
2, 1457671735.81, 634, 0, recieved, 0, 633
2, 1457671735.9, 636, 0, recieved, 0, 635
2, 1457671735.99, 637, 0, internal
2, 1457671736.08, 638, 0, internal
2, 1457671736.17, 639, 0, internal
2, 1457671736.26, 640, 0, internal
2, 1457671736.36, 641, 0, internal
2, 1457671736.45, 643, 0, recieved, 0, 642
2, 1457671736.54, 644, 0, sent, 2
2, 1457671736.63, 646, 0, recieved, 0, 645
2, 1457671736.72, 647, 0, sent, 1
2, 1457671736.81, 648, 0, sent, 1
2, 1457671736.9, 649, 0, internal
2, 1457671736.99, 650, 0, sent, 1
2, 1457671737.08, 651, 0, sent, 1
2, 1457671737.17, 652, 0, sent, 3
2, 1457671737.27, 653, 0, internal
2, 1457671737.36, 657, 0, recieved, 0, 656
2, 1457671737.45, 658, 0, sent, 3
2, 1457671737.54, 659, 0, internal
2, 1457671737.63, 660, 0, internal
2, 1457671737.72, 663, 0, recieved, 0, 662
2, 1457671737.81, 664, 0, sent, 1
2, 1457671737.9, 665, 0, sent, 3
2, 1457671737.99, 666, 0, sent, 3
2, 1457671738.08, 667, 0, sent, 1
2, 1457671738.17, 668, 0, internal
2, 1457671738.26, 669, 0, internal
2, 1457671738.36, 670, 0, internal
2, 1457671738.45, 671, 0, sent, 2
2, 1457671738.54, 674, 0, recieved, 0, 673
2, 1457671738.63, 675, 0, sent, 2
2, 1457671738.72, 676, 0, sent, 1
2, 1457671738.81, 679, 0, recieved, 0, 678
2, 1457671738.9, 680, 0, sent, 2
2, 1457671738.99, 681, 0, sent, 1
2, 1457671739.08, 682, 0, sent, 3
2, 1457671739.17, 683, 0, sent, 2
2, 1457671739.27, 684, 0, internal
2, 1457671739.36, 685, 0, internal
2, 1457671739.45, 688, 0, recieved, 0, 687
2, 1457671739.54, 689, 0, internal
2, 1457671739.63, 691, 0, recieved, 0, 690
2, 1457671739.72, 692, 0, recieved, 0, 691
2, 1457671739.81, 693, 0, sent, 3
2, 1457671739.9, 694, 0, internal
2, 1457671739.99, 695, 0, sent, 3
2, 1457671740.08, 696, 0, internal
2, 1457671740.17, 698, 0, recieved, 0, 697
2, 1457671740.26, 699, 0, internal
2, 1457671740.36, 700, 0, sent, 2
2, 1457671740.45, 702, 0, recieved, 0, 701
2, 1457671740.54, 704, 0, recieved, 0, 703
2, 1457671740.63, 705, 0, internal
2, 1457671740.72, 706, 0, sent, 1
2, 1457671740.81, 707, 0, internal
2, 1457671740.9, 708, 0, internal
2, 1457671740.99, 709, 0, sent, 2
2, 1457671741.08, 710, 0, sent, 2
2, 1457671741.17, 714, 0, recieved, 0, 713
2, 1457671741.27, 715, 0, internal
2, 1457671741.36, 716, 0, recieved, 0, 715
2, 1457671741.45, 717, 0, sent, 1
2, 1457671741.54, 720, 0, recieved, 0, 719
2, 1457671741.63, 721, 0, sent, 1
2, 1457671741.72, 722, 0, internal
2, 1457671741.81, 723, 0, sent, 3
2, 1457671741.9, 724, 0, sent, 1
2, 1457671741.99, 725, 0, internal
2, 1457671742.08, 728, 0, recieved, 0, 727
2, 1457671742.17, 729, 0, internal
2, 1457671742.27, 731, 0, recieved, 0, 730
2, 1457671742.36, 732, 0, recieved, 0, 731
2, 1457671742.45, 733, 0, sent, 2
2, 1457671742.54, 735, 0, recieved, 0, 734
2, 1457671742.63, 736, 0, sent, 1
2, 1457671742.72, 737, 0, sent, 3
2, 1457671742.81, 738, 0, sent, 3
2, 1457671742.9, 739, 0, internal
2, 1457671742.99, 742, 0, recieved, 0, 741
2, 1457671743.08, 743, 0, recieved, 0, 742
2, 1457671743.17, 744, 0, sent, 1
2, 1457671743.27, 745, 0, internal
2, 1457671743.36, 747, 0, recieved, 0, 746
2, 1457671743.45, 748, 0, internal
2, 1457671743.54, 750, 0, recieved, 0, 749
2, 1457671743.63, 751, 0, sent, 2
2, 1457671743.72, 752, 0, recieved, 0, 751
2, 1457671743.81, 753, 0, sent, 1
2, 1457671743.9, 754, 0, internal
2, 1457671743.99, 755, 0, internal
2, 1457671744.08, 757, 0, recieved, 0, 756
2, 1457671744.17, 758, 1, recieved, 0, 757
2, 1457671744.27, 759, 0, recieved, 0, 758
2, 1457671744.36, 760, 0, sent, 1
2, 1457671744.45, 761, 0, internal
2, 1457671744.54, 763, 1, recieved, 0, 762
2, 1457671744.63, 764, 0, recieved, 0, 763
2, 1457671744.72, 766, 0, recieved, 0, 765
2, 1457671744.81, 767, 0, recieved, 0, 766
2, 1457671744.9, 768, 0, sent, 1
2, 1457671744.99, 769, 0, sent, 1
2, 1457671745.08, 770, 0, internal
2, 1457671745.17, 773, 0, recieved, 0, 772
2, 1457671745.26, 774, 0, recieved, 0, 773
2, 1457671745.36, 775, 0, sent, 1
2, 1457671745.45, 776, 0, internal
2, 1457671745.54, 778, 1, recieved, 0, 777
2, 1457671745.63, 779, 0, recieved, 0, 778
2, 1457671745.72, 780, 0, sent, 2
2, 1457671745.81, 781, 0, sent, 1
2, 1457671745.9, 782, 0, sent, 2
2, 1457671745.99, 785, 0, recieved, 0, 784
2, 1457671746.08, 786, 0, recieved, 0, 785
2, 1457671746.17, 787, 0, recieved, 0, 786
2, 1457671746.26, 788, 0, internal
2, 1457671746.36, 789, 0, sent, 1
2, 1457671746.45, 790, 0, internal
2, 1457671746.54, 793, 0, recieved, 0, 792
2, 1457671746.63, 794, 0, sent, 2
2, 1457671746.72, 795, 0, internal
2, 1457671746.81, 796, 1, recieved, 0, 795
2, 1457671746.9, 797, 1, recieved, 0, 796
2, 1457671746.99, 798, 0, recieved, 0, 797
2, 1457671747.08, 800, 0, recieved, 0, 799
2, 1457671747.17, 801, 0, sent, 1
2, 1457671747.27, 802, 0, sent, 2
2, 1457671747.36, 803, 0, sent, 2
2, 1457671747.45, 804, 0, sent, 1
2, 1457671747.54, 805, 0, internal
2, 1457671747.63, 806, 0, sent, 1
2, 1457671747.72, 807, 0, internal
2, 1457671747.81, 811, 0, recieved, 0, 810
2, 1457671747.9, 812, 0, sent, 1
2, 1457671747.99, 813, 0, sent, 2
2, 1457671748.08, 815, 0, recieved, 0, 814
2, 1457671748.17, 816, 1, recieved, 0, 815
2, 1457671748.27, 817, 1, recieved, 0, 816
2, 1457671748.36, 818, 0, recieved, 0, 817
2, 1457671748.45, 820, 0, recieved, 0, 819
2, 1457671748.54, 821, 0, sent, 1
2, 1457671748.63, 822, 0, internal
2, 1457671748.72, 824, 0, recieved, 0, 823
2, 1457671748.81, 825, 0, internal
2, 1457671748.9, 827, 0, recieved, 0, 826
2, 1457671748.99, 828, 0, sent, 1
2, 1457671749.08, 829, 0, sent, 2
2, 1457671749.17, 831, 0, recieved, 0, 830
2, 1457671749.27, 833, 0, recieved, 0, 832
2, 1457671749.36, 834, 0, recieved, 0, 833
2, 1457671749.45, 835, 0, internal
2, 1457671749.54, 836, 1, recieved, 0, 835
2, 1457671749.63, 837, 0, recieved, 0, 836
2, 1457671749.72, 838, 0, sent, 2
2, 1457671749.81, 840, 0, recieved, 0, 839
2, 1457671749.9, 842, 0, recieved, 0, 841
2, 1457671749.99, 843, 0, sent, 3
2, 1457671750.08, 844, 0, internal
2, 1457671750.17, 845, 0, sent, 3
2, 1457671750.27, 846, 0, sent, 2
2, 1457671750.36, 847, 0, internal
2, 1457671750.45, 850, 0, recieved, 0, 849
2, 1457671750.54, 852, 0, recieved, 0, 851
2, 1457671750.63, 853, 0, recieved, 0, 852
2, 1457671750.72, 854, 0, internal
2, 1457671750.81, 855, 0, internal
2, 1457671750.9, 856, 0, sent, 1
2, 1457671750.99, 857, 0, sent, 3
2, 1457671751.08, 858, 0, internal
2, 1457671751.17, 860, 0, recieved, 0, 859
2, 1457671751.27, 861, 0, sent, 3
2, 1457671751.36, 862, 0, sent, 1
2, 1457671751.45, 863, 0, sent, 3
2, 1457671751.54, 864, 0, sent, 1
2, 1457671751.63, 865, 0, internal
2, 1457671751.72, 866, 0, sent, 1
2, 1457671751.81, 867, 0, sent, 1
2, 1457671751.9, 868, 0, internal
2, 1457671751.99, 869, 0, internal
2, 1457671752.08, 870, 0, sent, 1
2, 1457671752.17, 871, 0, internal
2, 1457671752.26, 872, 0, sent, 3
2, 1457671752.36, 873, 0, internal
2, 1457671752.45, 878, 0, recieved, 0, 877
2, 1457671752.54, 879, 0, sent, 3
2, 1457671752.63, 880, 0, sent, 1
2, 1457671752.72, 881, 0, sent, 1
