0, 1457671511.84, 2, 0, internal
0, 1457671512.34, 3, 0, internal
0, 1457671512.84, 4, 0, internal
0, 1457671513.34, 5, 0, internal
0, 1457671513.84, 8, 0, recieved, 2, 7
0, 1457671514.34, 9, 0, internal
0, 1457671514.84, 10, 0, internal
0, 1457671515.34, 11, 0, internal
0, 1457671515.84, 12, 0, internal
0, 1457671516.34, 13, 0, sent, 2
0, 1457671516.84, 14, 0, sent, 3
0, 1457671517.34, 15, 0, internal
0, 1457671517.84, 16, 0, internal
0, 1457671518.34, 22, 0, recieved, 1, 21
0, 1457671518.84, 23, 0, internal
0, 1457671519.34, 24, 0, recieved, 2, 23
0, 1457671519.84, 25, 0, internal
0, 1457671520.34, 26, 0, internal
0, 1457671520.84, 27, 0, internal
0, 1457671521.34, 28, 0, internal
0, 1457671521.84, 32, 0, recieved, 2, 31
0, 1457671522.34, 33, 0, recieved, 2, 32
0, 1457671522.84, 35, 0, recieved, 1, 34
0, 1457671523.34, 36, 0, internal
0, 1457671523.84, 37, 0, internal
0, 1457671524.34, 38, 0, internal
0, 1457671524.84, 39, 0, internal
0, 1457671525.34, 42, 0, recieved, 1, 41
0, 1457671525.84, 45, 0, recieved, 1, 44
0, 1457671526.34, 46, 0, internal
0, 1457671526.84, 48, 0, recieved, 1, 47
0, 1457671527.34, 49, 0, internal
0, 1457671527.84, 50, 0, internal
0, 1457671528.34, 51, 0, internal
0, 1457671528.84, 52, 0, internal
0, 1457671529.34, 53, 0, sent, 3
0, 1457671529.84, 54, 0, internal
0, 1457671530.34, 59, 0, recieved, 2, 58
0, 1457671530.84, 61, 0, recieved, 1, 60
0, 1457671531.34, 62, 0, sent, 2
0, 1457671531.84, 63, 0, internal
0, 1457671532.34, 64, 0, internal
0, 1457671532.84, 65, 0, internal
0, 1457671533.34, 66, 0, internal
0, 1457671533.84, 67, 0, internal
0, 1457671534.34, 71, 0, recieved, 1, 70
0, 1457671534.84, 74, 0, recieved, 2, 73
0, 1457671535.34, 75, 0, recieved, 1, 73
0, 1457671535.84, 76, 0, internal
0, 1457671536.34, 77, 0, internal
0, 1457671536.84, 78, 0, internal
0, 1457671537.34, 79, 0, sent, 1
0, 1457671537.84, 80, 0, internal
0, 1457671538.34, 81, 0, sent, 1
0, 1457671538.84, 82, 0, internal
0, 1457671539.34, 83, 0, internal
0, 1457671539.84, 84, 0, internal
0, 1457671540.34, 89, 0, recieved, 1, 88
0, 1457671540.84, 90, 0, internal
0, 1457671541.34, 91, 0, internal
0, 1457671541.84, 92, 0, internal
0, 1457671542.34, 93, 0, sent, 1
0, 1457671542.84, 94, 0, internal
0, 1457671543.34, 95, 0, sent, 3
0, 1457671543.84, 96, 0, sent, 3
0, 1457671544.34, 97, 0, internal
0, 1457671544.84, 98, 0, internal
0, 1457671545.34, 105, 1, recieved, 1, 104
0, 1457671545.84, 106, 0, recieved, 2, 105
0, 1457671546.34, 110, 0, recieved, 1, 109
0, 1457671546.84, 111, 0, recieved, 1, 110
0, 1457671547.34, 112, 0, recieved, 1, 111
0, 1457671547.84, 113, 0, internal
0, 1457671548.34, 115, 0, recieved, 1, 114
0, 1457671548.84, 118, 0, recieved, 2, 117
0, 1457671549.34, 119, 0, internal
0, 1457671549.84, 121, 0, recieved, 1, 120
0, 1457671550.34, 122, 0, internal
0, 1457671550.84, 123, 0, internal
0, 1457671551.34, 124, 0, internal
0, 1457671551.84, 125, 0, internal
0, 1457671552.34, 126, 0, internal
0, 1457671552.84, 131, 0, recieved, 2, 130
0, 1457671553.34, 132, 0, recieved, 2, 131
0, 1457671553.84, 134, 0, recieved, 1, 133
0, 1457671554.34, 135, 0, internal
0, 1457671554.84, 136, 0, internal
0, 1457671555.34, 137, 0, internal
0, 1457671555.84, 138, 0, internal
0, 1457671556.34, 139, 0, sent, 2
0, 1457671556.84, 140, 0, internal
0, 1457671557.34, 141, 0, internal
0, 1457671557.84, 142, 0, sent, 2
0, 1457671558.34, 143, 0, internal
0, 1457671558.84, 150, 0, recieved, 1, 149
0, 1457671559.34, 151, 0, sent, 1
0, 1457671559.84, 152, 0, internal
0, 1457671560.34, 153, 0, internal
0, 1457671560.84, 154, 0, internal
0, 1457671561.34, 155, 0, internal
0, 1457671561.84, 156, 0, sent, 2
0, 1457671562.34, 157, 0, internal
0, 1457671562.84, 162, 0, recieved, 1, 161
0, 1457671563.34, 165, 0, recieved, 2, 164
0, 1457671563.84, 166, 0, internal
0, 1457671564.34, 167, 0, internal
0, 1457671564.84, 169, 0, recieved, 2, 168
0, 1457671565.34, 170, 0, recieved, 2, 169
0, 1457671565.84, 171, 0, internal
0, 1457671566.34, 174, 0, recieved, 1, 173
0, 1457671566.84, 175, 0, internal
0, 1457671567.34, 176, 0, sent, 3
0, 1457671567.84, 177, 0, sent, 1
0, 1457671568.34, 178, 0, internal
0, 1457671568.84, 179, 0, internal
0, 1457671569.34, 182, 0, recieved, 1, 181
0, 1457671569.84, 183, 0, sent, 2
0, 1457671570.34, 185, 0, recieved, 1, 184
0, 1457671570.84, 186, 0, internal
0, 1457671571.34, 187, 0, sent, 2
