1, 1457671572.18, 2, 0, sent, 3
1, 1457671572.67, 3, 1, recieved, 0, 2
1, 1457671573.17, 4, 1, recieved, 2, 2
1, 1457671573.67, 6, 1, recieved, 0, 5
1, 1457671574.18, 8, 1, recieved, 0, 7
1, 1457671574.67, 10, 0, recieved, 0, 9
1, 1457671575.17, 15, 0, recieved, 0, 14
1, 1457671575.67, 16, 0, sent, 1
1, 1457671576.17, 17, 0, sent, 3
1, 1457671576.67, 18, 0, sent, 3
1, 1457671577.17, 19, 0, internal
1, 1457671577.67, 23, 1, recieved, 0, 22
1, 1457671578.17, 24, 2, recieved, 0, 23
1, 1457671578.67, 25, 1, recieved, 0, 24
1, 1457671579.17, 26, 1, recieved, 0, 25
1, 1457671579.67, 30, 1, recieved, 0, 29
1, 1457671580.17, 31, 2, recieved, 0, 30
1, 1457671580.67, 33, 3, recieved, 0, 32
1, 1457671581.17, 34, 2, recieved, 0, 33
1, 1457671581.67, 35, 1, recieved, 0, 34
1, 1457671582.17, 36, 1, recieved, 0, 35
1, 1457671582.67, 42, 0, recieved, 0, 41
1, 1457671583.17, 43, 0, sent, 1
1, 1457671583.67, 44, 0, internal
1, 1457671584.17, 46, 1, recieved, 2, 45
1, 1457671584.67, 50, 1, recieved, 0, 49
1, 1457671585.17, 51, 2, recieved, 0, 50
1, 1457671585.68, 53, 2, recieved, 2, 52
1, 1457671586.17, 55, 1, recieved, 0, 54
1, 1457671586.68, 56, 2, recieved, 2, 53
1, 1457671587.17, 59, 2, recieved, 0, 58
1, 1457671587.67, 60, 3, recieved, 2, 55
1, 1457671588.17, 61, 2, recieved, 2, 56
1, 1457671588.67, 63, 1, recieved, 0, 62
1, 1457671589.17, 64, 0, recieved, 0, 63
1, 1457671589.67, 68, 0, recieved, 2, 67
1, 1457671590.17, 74, 0, recieved, 0, 73
1, 1457671590.67, 75, 1, recieved, 0, 74
1, 1457671591.17, 76, 1, recieved, 2, 74
1, 1457671591.68, 78, 1, recieved, 0, 77
1, 1457671592.17, 80, 1, recieved, 0, 79
1, 1457671592.67, 82, 1, recieved, 0, 81
1, 1457671593.17, 84, 1, recieved, 0, 83
1, 1457671593.67, 85, 0, recieved, 0, 84
1, 1457671594.17, 89, 0, recieved, 0, 88
1, 1457671594.67, 91, 0, recieved, 0, 90
1, 1457671595.18, 93, 2, recieved, 0, 92
1, 1457671595.67, 94, 2, recieved, 0, 93
1, 1457671596.18, 95, 1, recieved, 0, 94
1, 1457671596.67, 97, 0, recieved, 0, 96
1, 1457671597.17, 100, 0, recieved, 2, 99
1, 1457671597.67, 101, 0, internal
1, 1457671598.17, 102, 0, sent, 3
1, 1457671598.67, 107, 0, recieved, 0, 106
1, 1457671599.18, 109, 1, recieved, 0, 108
1, 1457671599.67, 110, 0, recieved, 0, 109
1, 1457671600.17, 114, 0, recieved, 0, 113
1, 1457671600.68, 116, 0, recieved, 0, 115
1, 1457671601.17, 117, 0, internal
1, 1457671601.67, 118, 0, internal
1, 1457671602.17, 121, 1, recieved, 0, 120
1, 1457671602.67, 122, 1, recieved, 0, 121
1, 1457671603.17, 124, 0, recieved, 0, 123
1, 1457671603.67, 128, 0, recieved, 0, 127
1, 1457671604.17, 130, 1, recieved, 0, 129
1, 1457671604.67, 131, 1, recieved, 0, 130
1, 1457671605.17, 132, 2, recieved, 0, 131
1, 1457671605.67, 133, 1, recieved, 0, 132
1, 1457671606.17, 134, 1, recieved, 0, 133
1, 1457671606.67, 136, 0, recieved, 2, 135
1, 1457671607.17, 141, 0, recieved, 0, 140
1, 1457671607.68, 143, 1, recieved, 0, 142
1, 1457671608.17, 144, 1, recieved, 0, 143
1, 1457671608.68, 145, 2, recieved, 2, 144
1, 1457671609.18, 147, 2, recieved, 0, 146
1, 1457671609.67, 149, 1, recieved, 0, 148
1, 1457671610.17, 151, 0, recieved, 0, 150
1, 1457671610.67, 156, 0, recieved, 0, 155
1, 1457671611.17, 157, 0, internal
1, 1457671611.67, 159, 0, recieved, 0, 158
1, 1457671612.17, 162, 0, recieved, 0, 161
1, 1457671612.67, 163, 0, sent, 1
1, 1457671613.17, 164, 0, internal
1, 1457671613.68, 167, 2, recieved, 0, 166
1, 1457671614.17, 168, 2, recieved, 0, 167
1, 1457671614.67, 169, 1, recieved, 0, 168
1, 1457671615.18, 170, 3, recieved, 2, 168
1, 1457671615.67, 173, 3, recieved, 0, 172
1, 1457671616.17, 174, 4, recieved, 0, 173
1, 1457671616.67, 175, 3, recieved, 0, 174
1, 1457671617.17, 177, 3, recieved, 0, 176
1, 1457671617.67, 178, 2, recieved, 0, 177
1, 1457671618.17, 179, 2, recieved, 0, 178
1, 1457671618.67, 182, 2, recieved, 0, 181
1, 1457671619.18, 183, 2, recieved, 2, 181
1, 1457671619.67, 188, 1, recieved, 0, 187
1, 1457671620.18, 189, 1, recieved, 0, 188
1, 1457671620.67, 195, 0, recieved, 0, 194
1, 1457671621.17, 196, 0, recieved, 2, 193
1, 1457671621.68, 199, 0, recieved, 0, 198
1, 1457671622.17, 201, 0, recieved, 2, 200
1, 1457671622.68, 204, 0, recieved, 0, 203
1, 1457671623.17, 206, 0, recieved, 0, 205
1, 1457671623.68, 207, 0, recieved, 2, 205
1, 1457671624.17, 208, 0, sent, 1
1, 1457671624.68, 209, 1, recieved, 2, 207
1, 1457671625.17, 213, 1, recieved, 0, 212
1, 1457671625.67, 214, 1, recieved, 2, 208
1, 1457671626.17, 216, 1, recieved, 0, 215
1, 1457671626.67, 218, 2, recieved, 0, 217
1, 1457671627.17, 219, 1, recieved, 0, 218
1, 1457671627.67, 220, 0, recieved, 0, 219
1, 1457671628.17, 225, 0, recieved, 0, 224
1, 1457671628.68, 226, 0, sent, 3
1, 1457671629.17, 227, 0, sent, 3
1, 1457671629.67, 228, 0, sent, 2
1, 1457671630.18, 233, 1, recieved, 0, 232
1, 1457671630.67, 234, 1, recieved, 0, 233
1, 1457671631.17, 236, 1, recieved, 0, 235
1, 1457671631.67, 238, 2, recieved, 0, 237
