2, 1457671149.98, 2, 0, internal
2, 1457671150.98, 3, 0, recieved, 1, 2
2, 1457671151.98, 4, 0, internal
2, 1457671152.98, 9, 0, recieved, 0, 8
2, 1457671153.98, 10, 0, recieved, 0, 9
2, 1457671154.98, 11, 0, internal
2, 1457671155.98, 29, 0, recieved, 1, 28
2, 1457671156.98, 34, 0, recieved, 1, 33
2, 1457671157.98, 35, 0, sent, 1
2, 1457671158.98, 45, 2, recieved, 1, 44
2, 1457671159.98, 46, 2, recieved, 1, 45
2, 1457671160.98, 47, 2, recieved, 1, 46
2, 1457671161.98, 51, 2, recieved, 1, 50
2, 1457671162.98, 56, 2, recieved, 1, 55
2, 1457671163.98, 62, 2, recieved, 1, 61
2, 1457671164.98, 65, 2, recieved, 0, 64
2, 1457671165.98, 67, 3, recieved, 0, 66
2, 1457671166.98, 78, 3, recieved, 1, 77
2, 1457671167.98, 81, 3, recieved, 1, 80
2, 1457671168.98, 83, 2, recieved, 1, 82
2, 1457671169.98, 85, 1, recieved, 1, 84
2, 1457671170.98, 89, 1, recieved, 1, 88
2, 1457671171.98, 102, 0, recieved, 0, 101
2, 1457671172.98, 103, 0, internal
2, 1457671173.98, 123, 0, recieved, 1, 122
2, 1457671174.98, 124, 0, internal
2, 1457671175.98, 125, 0, internal
2, 1457671176.98, 134, 0, recieved, 1, 133
2, 1457671177.98, 139, 1, recieved, 1, 138
2, 1457671178.98, 140, 0, recieved, 0, 137
2, 1457671179.98, 148, 1, recieved, 1, 147
2, 1457671180.98, 149, 0, recieved, 1, 148
2, 1457671181.98, 160, 0, recieved, 1, 159
2, 1457671182.98, 168, 0, recieved, 1, 167
2, 1457671183.98, 169, 0, internal
2, 1457671184.98, 170, 0, internal
2, 1457671185.98, 171, 0, internal
2, 1457671186.98, 184, 0, recieved, 1, 183
2, 1457671187.98, 185, 0, sent, 3
2, 1457671188.98, 186, 0, internal
2, 1457671189.98, 201, 0, recieved, 0, 200
2, 1457671190.98, 202, 0, internal
2, 1457671191.98, 209, 2, recieved, 1, 208
2, 1457671192.98, 210, 2, recieved, 1, 209
2, 1457671193.98, 211, 1, recieved, 1, 210
2, 1457671194.98, 214, 2, recieved, 0, 213
2, 1457671195.98, 224, 1, recieved, 1, 223
2, 1457671196.98, 227, 1, recieved, 1, 226
2, 1457671197.98, 230, 0, recieved, 0, 229
2, 1457671198.98, 247, 1, recieved, 1, 246
2, 1457671199.98, 248, 0, recieved, 0, 234
2, 1457671200.98, 249, 0, internal
2, 1457671201.98, 259, 0, recieved, 1, 258
2, 1457671202.98, 263, 1, recieved, 1, 262
2, 1457671203.98, 265, 2, recieved, 0, 264
2, 1457671204.98, 269, 3, recieved, 1, 268
2, 1457671205.98, 272, 4, recieved, 1, 271
2, 1457671206.98, 273, 3, recieved, 1, 272
2, 1457671207.98, 274, 2, recieved, 1, 273
2, 1457671208.98, 276, 2, recieved, 0, 275
