1, 1457861994.3, 2, 0, sent, 1
1, 1457861994.63, 3, 0, sent, 3
1, 1457861994.96, 4, 0, sent, 1
1, 1457861995.3, 5, 0, sent, 2
1, 1457861995.63, 6, 0, internal
1, 1457861995.96, 7, 0, internal
1, 1457861996.3, 8, 0, sent, 3
1, 1457861996.63, 9, 0, sent, 2
1, 1457861996.96, 16, 0, recieved, 2, 15
1, 1457861997.3, 17, 0, internal
1, 1457861997.63, 18, 0, sent, 1
1, 1457861997.96, 19, 0, internal
1, 1457861998.3, 20, 0, internal
1, 1457861998.63, 23, 0, recieved, 2, 22
1, 1457861998.96, 26, 1, recieved, 0, 25
1, 1457861999.3, 27, 0, recieved, 2, 25
1, 1457861999.63, 28, 0, recieved, 2, 27
1, 1457861999.96, 30, 1, recieved, 0, 29
1, 1457862000.3, 31, 0, recieved, 2, 29
1, 1457862000.63, 34, 0, recieved, 0, 33
1, 1457862000.96, 36, 0, recieved, 0, 35
1, 1457862001.3, 37, 0, sent, 1
1, 1457862001.63, 38, 0, recieved, 0, 37
1, 1457862001.96, 39, 0, internal
1, 1457862002.3, 40, 0, sent, 3
1, 1457862002.63, 41, 0, internal
1, 1457862002.96, 45, 1, recieved, 0, 44
1, 1457862003.3, 46, 0, recieved, 0, 45
1, 1457862003.63, 47, 0, internal
1, 1457862003.96, 48, 0, internal
1, 1457862004.3, 52, 0, recieved, 0, 51
1, 1457862004.63, 53, 0, internal
1, 1457862004.96, 54, 0, internal
1, 1457862005.3, 58, 0, recieved, 2, 57
1, 1457862005.63, 60, 0, recieved, 0, 59
1, 1457862005.96, 61, 0, sent, 1
1, 1457862006.3, 63, 0, recieved, 2, 62
1, 1457862006.63, 64, 0, sent, 1
1, 1457862006.96, 66, 1, recieved, 2, 65
1, 1457862007.3, 67, 0, recieved, 2, 66
1, 1457862007.63, 69, 0, recieved, 0, 68
1, 1457862007.96, 71, 0, recieved, 0, 70
1, 1457862008.3, 72, 0, internal
1, 1457862008.63, 75, 0, recieved, 2, 74
1, 1457862008.96, 78, 0, recieved, 2, 77
1, 1457862009.3, 79, 0, recieved, 0, 77
1, 1457862009.63, 80, 0, internal
1, 1457862009.96, 81, 0, recieved, 0, 80
1, 1457862010.3, 84, 0, recieved, 0, 83
1, 1457862010.63, 85, 0, recieved, 0, 84
1, 1457862010.96, 88, 0, recieved, 2, 87
1, 1457862011.3, 89, 0, sent, 1
1, 1457862011.63, 90, 1, recieved, 0, 89
1, 1457862011.96, 91, 1, recieved, 2, 89
1, 1457862012.3, 93, 2, recieved, 0, 92
1, 1457862012.63, 94, 1, recieved, 0, 93
1, 1457862012.96, 95, 1, recieved, 2, 94
1, 1457862013.3, 99, 0, recieved, 0, 98
1, 1457862013.63, 103, 0, recieved, 2, 102
1, 1457862013.96, 104, 0, recieved, 0, 103
1, 1457862014.3, 106, 0, recieved, 2, 105
1, 1457862014.63, 107, 0, internal
1, 1457862014.96, 108, 0, sent, 2
1, 1457862015.3, 109, 0, internal
1, 1457862015.63, 110, 0, sent, 1
1, 1457862015.96, 111, 0, internal
1, 1457862016.3, 112, 0, internal
1, 1457862016.63, 113, 0, internal
1, 1457862016.96, 119, 0, recieved, 0, 118
1, 1457862017.3, 120, 0, internal
1, 1457862017.63, 122, 1, recieved, 0, 121
1, 1457862017.96, 123, 1, recieved, 2, 122
1, 1457862018.3, 124, 2, recieved, 0, 123
1, 1457862018.63, 126, 1, recieved, 2, 125
1, 1457862018.97, 127, 1, recieved, 0, 125
1, 1457862019.3, 129, 0, recieved, 2, 128
1, 1457862019.63, 130, 0, internal
1, 1457862019.96, 134, 0, recieved, 2, 133
1, 1457862020.3, 135, 0, internal
1, 1457862020.63, 136, 0, internal
1, 1457862020.96, 139, 0, recieved, 2, 138
1, 1457862021.3, 141, 0, recieved, 2, 140
1, 1457862021.63, 142, 0, internal
1, 1457862021.96, 144, 0, recieved, 0, 143
1, 1457862022.3, 145, 0, internal
1, 1457862022.63, 149, 0, recieved, 2, 148
1, 1457862022.97, 151, 0, recieved, 0, 150
1, 1457862023.3, 152, 0, internal
1, 1457862023.63, 154, 0, recieved, 2, 153
1, 1457862023.96, 157, 0, recieved, 2, 156
1, 1457862024.3, 158, 0, recieved, 0, 156
1, 1457862024.63, 159, 1, recieved, 0, 157
1, 1457862024.96, 160, 0, recieved, 2, 159
1, 1457862025.3, 161, 0, sent, 1
1, 1457862025.63, 162, 0, internal
1, 1457862025.96, 167, 0, recieved, 2, 166
1, 1457862026.3, 168, 0, recieved, 0, 167
1, 1457862026.63, 169, 0, recieved, 0, 168
1, 1457862026.96, 170, 0, internal
1, 1457862027.3, 175, 0, recieved, 0, 174
1, 1457862027.63, 176, 0, recieved, 0, 175
1, 1457862027.96, 179, 0, recieved, 2, 178
1, 1457862028.3, 180, 0, internal
1, 1457862028.63, 181, 0, sent, 2
1, 1457862028.96, 182, 0, internal
1, 1457862029.3, 183, 0, sent, 2
1, 1457862029.63, 184, 0, internal
1, 1457862029.96, 189, 0, recieved, 2, 188
1, 1457862030.3, 190, 0, recieved, 2, 189
1, 1457862030.63, 192, 0, recieved, 2, 191
1, 1457862030.96, 193, 0, internal
1, 1457862031.3, 194, 0, internal
1, 1457862031.63, 196, 1, recieved, 0, 195
1, 1457862031.96, 197, 1, recieved, 0, 196
1, 1457862032.3, 199, 0, recieved, 0, 198
1, 1457862032.63, 201, 0, recieved, 0, 200
1, 1457862032.96, 203, 0, recieved, 0, 202
1, 1457862033.3, 204, 0, internal
1, 1457862033.63, 205, 0, internal
1, 1457862033.96, 206, 0, sent, 1
1, 1457862034.3, 207, 0, internal
1, 1457862034.63, 208, 0, sent, 1
1, 1457862034.96, 215, 0, recieved, 2, 214
1, 1457862035.3, 216, 0, internal
1, 1457862035.63, 217, 0, sent, 1
1, 1457862035.96, 218, 0, internal
1, 1457862036.3, 219, 0, internal
1, 1457862036.64, 220, 0, internal
1, 1457862036.96, 225, 0, recieved, 0, 224
1, 1457862037.3, 226, 0, internal
1, 1457862037.63, 227, 0, internal
1, 1457862037.96, 228, 0, internal
1, 1457862038.3, 231, 0, recieved, 0, 230
1, 1457862038.63, 233, 0, recieved, 0, 232
1, 1457862038.96, 235, 0, recieved, 2, 234
1, 1457862039.3, 237, 0, recieved, 0, 236
1, 1457862039.63, 238, 0, internal
1, 1457862039.96, 240, 0, recieved, 0, 239
1, 1457862040.3, 241, 0, internal
1, 1457862040.63, 243, 1, recieved, 2, 242
1, 1457862040.96, 244, 1, recieved, 0, 243
1, 1457862041.3, 245, 0, recieved, 0, 244
1, 1457862041.63, 250, 0, recieved, 0, 249
1, 1457862041.96, 252, 0, recieved, 0, 251
1, 1457862042.3, 253, 0, recieved, 0, 252
1, 1457862042.63, 254, 0, sent, 1
1, 1457862042.96, 255, 0, internal
1, 1457862043.3, 259, 0, recieved, 0, 258
1, 1457862043.63, 260, 0, internal
1, 1457862043.96, 263, 0, recieved, 2, 262
1, 1457862044.3, 264, 0, recieved, 0, 262
1, 1457862044.63, 266, 0, recieved, 2, 265
1, 1457862044.96, 268, 0, recieved, 2, 267
1, 1457862045.3, 269, 0, sent, 3
1, 1457862045.63, 270, 1, recieved, 0, 269
1, 1457862045.96, 272, 0, recieved, 2, 271
1, 1457862046.3, 273, 0, internal
1, 1457862046.63, 277, 0, recieved, 0, 276
1, 1457862046.96, 279, 1, recieved, 2, 278
1, 1457862047.3, 280, 0, recieved, 0, 278
1, 1457862047.63, 283, 0, recieved, 2, 282
1, 1457862047.96, 284, 0, sent, 2
1, 1457862048.3, 285, 0, internal
1, 1457862048.63, 286, 0, internal
1, 1457862048.96, 287, 0, sent, 2
1, 1457862049.3, 288, 0, internal
1, 1457862049.63, 293, 0, recieved, 2, 292
1, 1457862049.96, 294, 0, internal
1, 1457862050.3, 295, 0, sent, 2
1, 1457862050.63, 298, 0, recieved, 0, 297
1, 1457862050.96, 299, 0, sent, 3
1, 1457862051.3, 302, 0, recieved, 0, 301
1, 1457862051.63, 303, 0, recieved, 0, 302
1, 1457862051.96, 305, 1, recieved, 2, 304
1, 1457862052.3, 306, 1, recieved, 0, 304
1, 1457862052.63, 307, 0, recieved, 0, 305
1, 1457862052.96, 308, 0, internal
1, 1457862053.3, 312, 0, recieved, 0, 311
1, 1457862053.63, 313, 1, recieved, 2, 312
1, 1457862053.96, 314, 1, recieved, 2, 313
