0, 1457671029.33, 2, 0, internal
0, 1457671029.83, 4, 0, recieved, 2, 3
0, 1457671030.33, 6, 0, recieved, 2, 5
0, 1457671030.83, 8, 0, recieved, 2, 7
0, 1457671031.33, 9, 0, internal
0, 1457671031.83, 14, 1, recieved, 2, 13
0, 1457671032.33, 15, 1, recieved, 2, 14
0, 1457671032.83, 17, 1, recieved, 2, 16
0, 1457671033.33, 18, 0, recieved, 2, 17
0, 1457671033.83, 23, 1, recieved, 2, 22
0, 1457671034.33, 24, 0, recieved, 1, 21
0, 1457671034.83, 25, 0, sent, 1
0, 1457671035.33, 26, 0, internal
0, 1457671035.83, 27, 0, internal
0, 1457671036.33, 36, 0, recieved, 2, 35
0, 1457671036.83, 40, 0, recieved, 2, 39
0, 1457671037.33, 41, 0, recieved, 2, 40
0, 1457671037.83, 42, 0, sent, 1
0, 1457671038.33, 43, 0, internal
0, 1457671038.83, 44, 0, internal
0, 1457671039.33, 52, 0, recieved, 2, 51
0, 1457671039.83, 53, 1, recieved, 1, 52
0, 1457671040.33, 54, 0, recieved, 2, 53
0, 1457671040.83, 60, 0, recieved, 2, 59
0, 1457671041.33, 61, 0, internal
0, 1457671041.83, 62, 0, recieved, 1, 58
0, 1457671042.33, 66, 1, recieved, 2, 65
0, 1457671042.83, 67, 0, recieved, 2, 66
0, 1457671043.33, 72, 0, recieved, 2, 71
0, 1457671043.83, 73, 0, internal
0, 1457671044.33, 74, 0, sent, 2
0, 1457671044.83, 78, 0, recieved, 1, 77
0, 1457671045.33, 82, 0, recieved, 2, 81
0, 1457671045.83, 85, 0, recieved, 2, 84
0, 1457671046.33, 86, 0, internal
0, 1457671046.83, 90, 0, recieved, 2, 89
0, 1457671047.33, 91, 0, internal
0, 1457671047.83, 92, 0, internal
0, 1457671048.33, 93, 0, recieved, 1, 92
0, 1457671048.83, 94, 2, recieved, 1, 93
0, 1457671049.33, 98, 1, recieved, 2, 97
0, 1457671049.83, 99, 2, recieved, 2, 98
0, 1457671050.33, 102, 1, recieved, 1, 101
0, 1457671050.83, 103, 1, recieved, 1, 102
0, 1457671051.33, 110, 0, recieved, 2, 109
0, 1457671051.83, 112, 0, recieved, 1, 111
0, 1457671052.33, 116, 0, recieved, 2, 115
0, 1457671052.83, 117, 0, internal
0, 1457671053.33, 118, 0, internal
0, 1457671053.83, 124, 1, recieved, 2, 123
0, 1457671054.33, 125, 0, recieved, 2, 124
0, 1457671054.83, 127, 1, recieved, 1, 126
0, 1457671055.33, 129, 0, recieved, 2, 128
0, 1457671055.83, 130, 0, sent, 1
0, 1457671056.33, 137, 0, recieved, 2, 136
0, 1457671056.83, 138, 0, sent, 3
0, 1457671057.33, 139, 0, internal
0, 1457671057.83, 141, 0, recieved, 1, 140
0, 1457671058.33, 147, 0, recieved, 2, 146
0, 1457671058.83, 148, 0, recieved, 1, 144
0, 1457671059.33, 152, 0, recieved, 2, 151
0, 1457671059.83, 153, 0, internal
0, 1457671060.33, 154, 0, internal
0, 1457671060.83, 155, 0, sent, 1
0, 1457671061.33, 162, 0, recieved, 2, 161
0, 1457671061.83, 163, 0, recieved, 1, 159
0, 1457671062.33, 167, 0, recieved, 2, 166
0, 1457671062.83, 169, 1, recieved, 1, 168
0, 1457671063.33, 170, 0, recieved, 2, 169
0, 1457671063.83, 171, 0, sent, 2
0, 1457671064.33, 172, 0, internal
0, 1457671064.83, 173, 0, internal
0, 1457671065.33, 174, 0, internal
0, 1457671065.83, 184, 0, recieved, 2, 183
0, 1457671066.33, 185, 0, sent, 3
0, 1457671066.83, 189, 0, recieved, 2, 188
0, 1457671067.33, 190, 0, internal
0, 1457671067.83, 193, 0, recieved, 1, 192
0, 1457671068.33, 194, 0, internal
0, 1457671068.83, 195, 0, internal
0, 1457671069.33, 196, 0, internal
0, 1457671069.83, 197, 0, internal
0, 1457671070.33, 198, 0, internal
0, 1457671070.83, 209, 0, recieved, 2, 208
0, 1457671071.33, 210, 0, sent, 3
0, 1457671071.83, 211, 0, sent, 2
0, 1457671072.33, 212, 0, internal
0, 1457671072.83, 217, 0, recieved, 1, 216
0, 1457671073.33, 222, 0, recieved, 2, 221
0, 1457671073.83, 223, 0, internal
0, 1457671074.33, 224, 0, internal
0, 1457671074.83, 229, 0, recieved, 2, 228
0, 1457671075.33, 232, 0, recieved, 2, 231
0, 1457671075.83, 233, 1, recieved, 2, 232
0, 1457671076.33, 235, 1, recieved, 2, 234
0, 1457671076.83, 236, 1, recieved, 2, 235
0, 1457671077.33, 238, 0, recieved, 2, 237
0, 1457671077.83, 245, 0, recieved, 2, 244
0, 1457671078.33, 246, 0, sent, 1
0, 1457671078.83, 247, 0, internal
0, 1457671079.33, 248, 0, internal
0, 1457671079.83, 249, 0, internal
0, 1457671080.33, 253, 0, recieved, 1, 252
0, 1457671080.83, 254, 0, internal
0, 1457671081.33, 255, 0, sent, 2
0, 1457671081.83, 256, 0, internal
0, 1457671082.33, 257, 0, internal
0, 1457671082.83, 268, 0, recieved, 2, 267
0, 1457671083.33, 271, 0, recieved, 2, 270
0, 1457671083.83, 272, 0, recieved, 1, 271
0, 1457671084.33, 273, 0, internal
0, 1457671084.83, 278, 0, recieved, 2, 277
0, 1457671085.33, 279, 0, sent, 1
0, 1457671085.83, 283, 0, recieved, 2, 282
0, 1457671086.33, 284, 0, internal
0, 1457671086.83, 289, 0, recieved, 2, 288
0, 1457671087.33, 290, 0, sent, 3
0, 1457671087.83, 295, 0, recieved, 2, 294
0, 1457671088.33, 296, 0, recieved, 2, 295
0, 1457671088.83, 298, 0, recieved, 1, 297
