0, 1457671572.18, 2, 0, sent, 3
0, 1457671572.42, 3, 1, recieved, 1, 2
0, 1457671572.67, 4, 0, recieved, 2, 2
0, 1457671572.92, 5, 0, sent, 3
0, 1457671573.17, 6, 0, sent, 2
0, 1457671573.42, 7, 0, sent, 1
0, 1457671573.67, 8, 0, internal
0, 1457671573.92, 9, 0, sent, 3
0, 1457671574.17, 10, 0, internal
0, 1457671574.42, 11, 0, sent, 2
0, 1457671574.67, 12, 0, internal
0, 1457671574.92, 13, 0, internal
0, 1457671575.17, 14, 0, sent, 1
0, 1457671575.42, 15, 0, internal
0, 1457671575.67, 16, 0, sent, 2
0, 1457671575.92, 17, 0, recieved, 1, 16
0, 1457671576.17, 18, 0, internal
0, 1457671576.42, 19, 0, recieved, 1, 17
0, 1457671576.67, 20, 0, sent, 2
0, 1457671576.92, 21, 0, recieved, 1, 18
0, 1457671577.17, 22, 0, sent, 3
0, 1457671577.42, 23, 0, sent, 1
0, 1457671577.67, 24, 0, sent, 3
0, 1457671577.92, 25, 0, sent, 1
0, 1457671578.17, 26, 0, internal
0, 1457671578.42, 27, 0, sent, 2
0, 1457671578.67, 28, 0, internal
0, 1457671578.92, 29, 0, sent, 1
0, 1457671579.17, 30, 0, sent, 1
0, 1457671579.42, 31, 0, recieved, 2, 29
0, 1457671579.67, 32, 0, sent, 1
0, 1457671579.92, 33, 0, sent, 3
0, 1457671580.17, 34, 0, sent, 3
0, 1457671580.42, 35, 0, sent, 1
0, 1457671580.67, 36, 0, sent, 2
0, 1457671580.92, 37, 0, internal
0, 1457671581.17, 38, 0, internal
0, 1457671581.42, 39, 0, sent, 2
0, 1457671581.67, 40, 0, internal
0, 1457671581.92, 41, 0, sent, 3
0, 1457671582.17, 42, 0, internal
0, 1457671582.42, 43, 0, internal
0, 1457671582.67, 44, 0, internal
0, 1457671582.92, 45, 0, internal
0, 1457671583.17, 46, 0, internal
0, 1457671583.42, 47, 1, recieved, 1, 43
0, 1457671583.67, 48, 0, recieved, 2, 44
0, 1457671583.92, 49, 0, sent, 1
0, 1457671584.17, 50, 0, sent, 3
0, 1457671584.42, 51, 0, internal
0, 1457671584.67, 52, 0, internal
0, 1457671584.92, 53, 0, recieved, 2, 52
0, 1457671585.17, 54, 0, sent, 1
0, 1457671585.42, 55, 0, recieved, 2, 53
0, 1457671585.67, 56, 0, internal
0, 1457671585.92, 57, 0, recieved, 2, 54
0, 1457671586.17, 58, 0, sent, 1
0, 1457671586.42, 59, 0, internal
0, 1457671586.67, 60, 0, internal
0, 1457671586.92, 61, 0, recieved, 2, 56
0, 1457671587.17, 62, 0, sent, 3
0, 1457671587.42, 63, 0, sent, 3
0, 1457671587.67, 64, 0, internal
0, 1457671587.92, 65, 0, internal
0, 1457671588.17, 66, 0, internal
0, 1457671588.42, 67, 0, recieved, 2, 65
0, 1457671588.67, 68, 0, internal
0, 1457671588.92, 69, 0, internal
0, 1457671589.17, 70, 0, internal
0, 1457671589.42, 71, 0, internal
0, 1457671589.67, 72, 0, sent, 2
0, 1457671589.92, 73, 0, sent, 1
0, 1457671590.17, 74, 0, sent, 1
0, 1457671590.42, 75, 0, recieved, 2, 74
0, 1457671590.67, 76, 0, internal
0, 1457671590.92, 77, 0, sent, 1
0, 1457671591.17, 78, 0, sent, 2
0, 1457671591.42, 79, 0, sent, 3
0, 1457671591.67, 80, 0, sent, 2
0, 1457671591.92, 81, 0, sent, 1
0, 1457671592.17, 82, 0, internal
0, 1457671592.42, 83, 0, sent, 3
0, 1457671592.67, 84, 0, sent, 3
0, 1457671592.92, 85, 0, internal
0, 1457671593.17, 86, 0, internal
0, 1457671593.42, 87, 0, sent, 2
0, 1457671593.67, 88, 0, sent, 1
0, 1457671593.92, 89, 0, internal
0, 1457671594.17, 90, 0, sent, 3
0, 1457671594.42, 91, 0, sent, 2
0, 1457671594.67, 92, 0, sent, 3
0, 1457671594.92, 93, 0, sent, 1
0, 1457671595.17, 94, 0, sent, 1
0, 1457671595.42, 95, 0, internal
0, 1457671595.67, 96, 0, sent, 3
0, 1457671595.92, 97, 0, internal
0, 1457671596.17, 98, 0, internal
0, 1457671596.42, 99, 0, recieved, 2, 98
0, 1457671596.67, 100, 0, internal
0, 1457671596.92, 101, 0, recieved, 2, 99
0, 1457671597.17, 102, 0, internal
0, 1457671597.42, 103, 0, recieved, 2, 100
0, 1457671597.67, 104, 0, sent, 2
0, 1457671597.92, 105, 0, sent, 2
0, 1457671598.17, 106, 0, sent, 3
0, 1457671598.42, 107, 0, recieved, 1, 102
0, 1457671598.67, 108, 0, sent, 1
0, 1457671598.92, 109, 0, sent, 3
0, 1457671599.17, 110, 0, internal
0, 1457671599.42, 111, 0, internal
0, 1457671599.67, 112, 0, internal
0, 1457671599.92, 113, 0, sent, 1
0, 1457671600.17, 114, 0, internal
0, 1457671600.42, 115, 0, sent, 1
0, 1457671600.67, 116, 0, internal
0, 1457671600.92, 117, 0, recieved, 2, 112
0, 1457671601.17, 118, 0, internal
0, 1457671601.42, 119, 0, sent, 2
0, 1457671601.67, 120, 0, sent, 3
0, 1457671601.92, 121, 0, sent, 3
0, 1457671602.17, 122, 0, sent, 2
0, 1457671602.42, 123, 0, sent, 3
0, 1457671602.67, 124, 0, sent, 2
0, 1457671602.92, 125, 0, internal
0, 1457671603.17, 126, 0, internal
0, 1457671603.42, 127, 0, sent, 1
0, 1457671603.67, 128, 0, internal
0, 1457671603.92, 129, 0, sent, 1
0, 1457671604.17, 130, 0, sent, 1
0, 1457671604.42, 131, 0, sent, 1
0, 1457671604.67, 132, 0, sent, 3
0, 1457671604.92, 133, 0, sent, 3
0, 1457671605.17, 134, 0, internal
0, 1457671605.42, 135, 0, internal
0, 1457671605.67, 136, 0, internal
0, 1457671605.92, 137, 0, recieved, 2, 135
0, 1457671606.17, 138, 0, sent, 2
0, 1457671606.42, 139, 0, sent, 2
0, 1457671606.67, 140, 0, sent, 1
0, 1457671606.92, 141, 0, internal
0, 1457671607.17, 142, 0, sent, 3
0, 1457671607.42, 143, 0, sent, 1
0, 1457671607.67, 144, 0, internal
0, 1457671607.92, 145, 0, recieved, 2, 144
0, 1457671608.17, 146, 0, sent, 3
0, 1457671608.42, 147, 0, internal
0, 1457671608.67, 148, 0, sent, 3
0, 1457671608.92, 149, 0, internal
0, 1457671609.17, 150, 0, sent, 1
0, 1457671609.42, 151, 0, internal
0, 1457671609.67, 152, 0, internal
0, 1457671609.92, 153, 0, recieved, 2, 151
0, 1457671610.17, 154, 0, sent, 2
0, 1457671610.42, 155, 0, sent, 3
0, 1457671610.67, 156, 0, internal
0, 1457671610.92, 157, 0, sent, 2
0, 1457671611.17, 158, 0, sent, 3
0, 1457671611.42, 159, 0, sent, 2
0, 1457671611.67, 160, 0, internal
0, 1457671611.92, 161, 0, sent, 1
0, 1457671612.17, 162, 0, internal
0, 1457671612.42, 163, 0, sent, 2
0, 1457671612.67, 164, 0, internal
0, 1457671612.92, 165, 0, recieved, 1, 163
0, 1457671613.17, 166, 0, sent, 3
0, 1457671613.42, 167, 0, sent, 1
0, 1457671613.67, 168, 0, sent, 1
0, 1457671613.92, 169, 0, internal
0, 1457671614.17, 170, 0, internal
0, 1457671614.42, 171, 0, internal
0, 1457671614.67, 172, 0, sent, 1
0, 1457671614.92, 173, 0, sent, 1
0, 1457671615.17, 174, 0, sent, 3
0, 1457671615.42, 175, 0, internal
0, 1457671615.67, 176, 0, sent, 3
0, 1457671615.92, 177, 0, sent, 3
0, 1457671616.17, 178, 0, sent, 3
0, 1457671616.42, 179, 0, internal
0, 1457671616.67, 180, 0, internal
0, 1457671616.92, 181, 0, sent, 1
0, 1457671617.17, 182, 0, internal
0, 1457671617.42, 183, 0, internal
0, 1457671617.67, 184, 0, internal
0, 1457671617.92, 185, 0, recieved, 2, 181
0, 1457671618.17, 186, 0, sent, 2
0, 1457671618.42, 187, 0, sent, 1
0, 1457671618.67, 188, 0, sent, 3
0, 1457671618.92, 189, 0, sent, 2
0, 1457671619.17, 190, 0, sent, 2
0, 1457671619.42, 191, 0, internal
0, 1457671619.67, 192, 0, internal
0, 1457671619.92, 193, 0, internal
0, 1457671620.17, 194, 0, sent, 1
0, 1457671620.42, 195, 0, recieved, 2, 192
0, 1457671620.67, 196, 0, internal
0, 1457671620.92, 197, 0, recieved, 2, 193
0, 1457671621.17, 198, 0, sent, 3
0, 1457671621.42, 199, 0, internal
0, 1457671621.67, 200, 0, internal
0, 1457671621.92, 201, 0, recieved, 2, 200
0, 1457671622.17, 202, 0, sent, 2
0, 1457671622.42, 203, 0, sent, 1
0, 1457671622.67, 204, 0, internal
0, 1457671622.92, 205, 0, sent, 1
0, 1457671623.17, 206, 0, internal
0, 1457671623.42, 207, 0, recieved, 2, 205
0, 1457671623.67, 208, 0, internal
0, 1457671623.92, 209, 0, internal
0, 1457671624.17, 210, 0, internal
0, 1457671624.42, 211, 0, recieved, 1, 208
0, 1457671624.67, 212, 0, sent, 1
0, 1457671624.92, 213, 0, recieved, 2, 208
0, 1457671625.17, 214, 0, internal
0, 1457671625.42, 215, 0, sent, 3
0, 1457671625.67, 216, 0, internal
0, 1457671625.92, 217, 0, sent, 1
0, 1457671626.17, 218, 0, sent, 3
0, 1457671626.42, 219, 0, sent, 3
0, 1457671626.67, 220, 0, sent, 2
0, 1457671626.92, 221, 0, internal
0, 1457671627.17, 222, 0, sent, 2
0, 1457671627.42, 223, 0, sent, 2
0, 1457671627.67, 224, 0, sent, 3
0, 1457671627.92, 225, 0, internal
0, 1457671628.17, 226, 0, sent, 2
0, 1457671628.42, 227, 0, sent, 2
0, 1457671628.67, 228, 0, sent, 2
0, 1457671628.92, 229, 0, recieved, 1, 226
0, 1457671629.17, 230, 0, sent, 2
0, 1457671629.42, 231, 0, recieved, 1, 227
0, 1457671629.67, 232, 0, sent, 1
0, 1457671629.92, 233, 0, sent, 3
0, 1457671630.17, 234, 0, sent, 2
0, 1457671630.42, 235, 0, sent, 1
0, 1457671630.67, 236, 0, internal
0, 1457671630.92, 237, 0, sent, 1
0, 1457671631.17, 238, 0, sent, 3
0, 1457671631.42, 239, 0, internal
0, 1457671631.67, 240, 0, sent, 1
0, 1457671631.92, 241, 0, sent, 3
