1, 1457671391.13, 2, 0, internal
1, 1457671391.22, 3, 0, sent, 1
1, 1457671391.31, 4, 0, internal
1, 1457671391.4, 5, 0, internal
1, 1457671391.49, 6, 0, internal
1, 1457671391.59, 8, 0, recieved, 0, 7
1, 1457671391.68, 9, 0, internal
1, 1457671391.77, 10, 0, sent, 2
1, 1457671391.86, 11, 0, internal
1, 1457671391.95, 12, 0, recieved, 0, 10
1, 1457671392.04, 13, 0, internal
1, 1457671392.13, 14, 0, sent, 1
1, 1457671392.22, 15, 0, internal
1, 1457671392.31, 16, 0, internal
1, 1457671392.4, 17, 0, sent, 1
1, 1457671392.49, 18, 0, internal
1, 1457671392.59, 19, 0, sent, 1
1, 1457671392.68, 20, 0, internal
1, 1457671392.77, 21, 0, sent, 1
1, 1457671392.86, 22, 0, internal
1, 1457671392.95, 24, 0, recieved, 0, 23
1, 1457671393.04, 25, 0, sent, 2
1, 1457671393.13, 26, 0, recieved, 0, 25
1, 1457671393.22, 27, 0, internal
1, 1457671393.31, 28, 0, internal
1, 1457671393.4, 29, 0, sent, 1
1, 1457671393.49, 30, 0, internal
1, 1457671393.59, 31, 0, internal
1, 1457671393.68, 32, 0, internal
1, 1457671393.77, 33, 0, internal
1, 1457671393.86, 34, 0, internal
1, 1457671393.95, 35, 0, internal
1, 1457671394.04, 36, 0, internal
1, 1457671394.13, 37, 0, internal
1, 1457671394.22, 38, 0, internal
1, 1457671394.31, 39, 0, internal
1, 1457671394.4, 40, 0, internal
1, 1457671394.49, 41, 0, internal
1, 1457671394.59, 42, 0, internal
1, 1457671394.68, 43, 0, internal
1, 1457671394.77, 44, 0, internal
1, 1457671394.86, 45, 0, sent, 3
1, 1457671394.95, 46, 0, internal
1, 1457671395.04, 47, 0, internal
1, 1457671395.13, 48, 0, sent, 3
1, 1457671395.22, 49, 0, internal
1, 1457671395.31, 50, 0, internal
1, 1457671395.4, 51, 0, internal
1, 1457671395.49, 52, 0, internal
1, 1457671395.59, 53, 0, internal
1, 1457671395.68, 54, 0, internal
1, 1457671395.77, 55, 0, recieved, 0, 53
1, 1457671395.86, 56, 0, internal
1, 1457671395.95, 57, 0, sent, 2
1, 1457671396.04, 58, 0, internal
1, 1457671396.13, 59, 0, sent, 1
1, 1457671396.22, 60, 0, internal
1, 1457671396.31, 61, 0, internal
1, 1457671396.4, 62, 0, internal
1, 1457671396.49, 63, 0, internal
1, 1457671396.59, 64, 0, sent, 2
1, 1457671396.68, 65, 0, internal
1, 1457671396.77, 66, 0, internal
1, 1457671396.86, 67, 0, internal
1, 1457671396.95, 68, 0, recieved, 0, 66
1, 1457671397.04, 69, 0, internal
1, 1457671397.13, 70, 0, internal
1, 1457671397.22, 71, 0, internal
1, 1457671397.31, 72, 0, recieved, 0, 69
1, 1457671397.4, 73, 0, recieved, 0, 70
1, 1457671397.49, 74, 0, internal
1, 1457671397.59, 75, 0, recieved, 0, 72
1, 1457671397.68, 76, 0, internal
1, 1457671397.77, 77, 0, internal
1, 1457671397.86, 78, 0, recieved, 0, 74
1, 1457671397.95, 79, 0, internal
1, 1457671398.04, 80, 0, internal
1, 1457671398.13, 81, 0, sent, 3
1, 1457671398.22, 82, 0, internal
1, 1457671398.31, 83, 0, internal
1, 1457671398.4, 84, 0, internal
1, 1457671398.49, 85, 0, internal
1, 1457671398.58, 86, 0, sent, 1
1, 1457671398.68, 87, 0, internal
1, 1457671398.77, 88, 0, sent, 1
1, 1457671398.86, 89, 0, internal
1, 1457671398.95, 91, 0, recieved, 0, 90
1, 1457671399.04, 92, 0, internal
1, 1457671399.13, 93, 0, internal
1, 1457671399.22, 94, 0, sent, 2
1, 1457671399.31, 95, 0, internal
1, 1457671399.4, 96, 0, sent, 2
1, 1457671399.49, 97, 0, recieved, 0, 95
1, 1457671399.59, 98, 0, internal
1, 1457671399.68, 99, 0, sent, 3
1, 1457671399.77, 100, 0, sent, 1
1, 1457671399.86, 101, 0, sent, 3
1, 1457671399.95, 102, 0, internal
1, 1457671400.04, 103, 0, sent, 1
1, 1457671400.13, 104, 0, internal
1, 1457671400.22, 105, 0, internal
1, 1457671400.31, 106, 0, internal
1, 1457671400.4, 107, 0, internal
1, 1457671400.49, 108, 0, sent, 2
1, 1457671400.59, 109, 0, internal
1, 1457671400.68, 110, 0, internal
1, 1457671400.77, 111, 0, sent, 1
1, 1457671400.86, 112, 0, internal
1, 1457671400.95, 113, 0, internal
1, 1457671401.04, 115, 0, recieved, 0, 114
1, 1457671401.13, 116, 0, sent, 1
1, 1457671401.22, 117, 0, internal
1, 1457671401.31, 118, 0, internal
1, 1457671401.4, 119, 0, recieved, 0, 118
1, 1457671401.49, 120, 0, sent, 1
1, 1457671401.59, 121, 0, sent, 3
1, 1457671401.68, 122, 0, internal
1, 1457671401.77, 123, 0, internal
1, 1457671401.86, 124, 0, sent, 2
1, 1457671401.95, 125, 0, internal
1, 1457671402.04, 126, 0, internal
1, 1457671402.13, 127, 0, internal
1, 1457671402.22, 128, 0, internal
1, 1457671402.31, 129, 0, sent, 3
1, 1457671402.4, 130, 0, internal
1, 1457671402.49, 132, 0, recieved, 0, 131
1, 1457671402.59, 133, 0, recieved, 0, 132
1, 1457671402.68, 134, 0, sent, 1
1, 1457671402.77, 135, 0, internal
1, 1457671402.86, 136, 0, internal
1, 1457671402.95, 138, 0, recieved, 0, 137
1, 1457671403.04, 139, 0, recieved, 0, 138
1, 1457671403.13, 140, 0, internal
1, 1457671403.22, 141, 0, sent, 3
1, 1457671403.31, 142, 0, internal
1, 1457671403.4, 143, 0, internal
1, 1457671403.49, 145, 0, recieved, 0, 144
1, 1457671403.59, 146, 0, internal
1, 1457671403.68, 147, 0, sent, 2
1, 1457671403.77, 148, 0, sent, 3
1, 1457671403.86, 149, 0, internal
1, 1457671403.95, 150, 0, sent, 3
1, 1457671404.04, 151, 0, internal
1, 1457671404.13, 152, 0, internal
1, 1457671404.22, 153, 0, sent, 1
1, 1457671404.31, 154, 0, internal
1, 1457671404.4, 155, 0, internal
1, 1457671404.49, 156, 0, internal
1, 1457671404.59, 158, 0, recieved, 0, 157
1, 1457671404.68, 159, 0, sent, 3
1, 1457671404.77, 160, 0, internal
1, 1457671404.86, 161, 0, sent, 3
1, 1457671404.95, 162, 0, internal
1, 1457671405.04, 163, 0, internal
1, 1457671405.13, 165, 0, recieved, 0, 164
1, 1457671405.22, 166, 0, internal
1, 1457671405.31, 167, 0, internal
1, 1457671405.4, 168, 0, recieved, 0, 166
1, 1457671405.49, 169, 0, sent, 1
1, 1457671405.59, 170, 0, sent, 3
1, 1457671405.68, 171, 0, internal
1, 1457671405.77, 172, 0, internal
1, 1457671405.86, 173, 0, internal
1, 1457671405.95, 174, 0, internal
1, 1457671406.04, 175, 0, internal
1, 1457671406.13, 176, 0, internal
1, 1457671406.22, 177, 0, internal
1, 1457671406.31, 178, 0, internal
1, 1457671406.4, 179, 0, internal
1, 1457671406.49, 180, 0, internal
1, 1457671406.59, 181, 0, internal
1, 1457671406.68, 182, 0, sent, 1
1, 1457671406.77, 183, 0, sent, 2
1, 1457671406.86, 184, 0, internal
1, 1457671406.95, 185, 0, sent, 3
1, 1457671407.04, 186, 0, sent, 2
1, 1457671407.13, 187, 0, internal
1, 1457671407.22, 188, 0, recieved, 0, 187
1, 1457671407.31, 189, 0, recieved, 0, 188
1, 1457671407.4, 190, 0, sent, 2
1, 1457671407.49, 191, 0, recieved, 0, 190
1, 1457671407.59, 192, 0, internal
1, 1457671407.68, 193, 0, internal
1, 1457671407.77, 194, 0, internal
1, 1457671407.86, 195, 0, internal
1, 1457671407.95, 196, 0, internal
1, 1457671408.04, 197, 0, internal
1, 1457671408.13, 198, 0, internal
1, 1457671408.22, 199, 0, internal
1, 1457671408.31, 200, 0, internal
1, 1457671408.4, 201, 0, internal
1, 1457671408.49, 202, 0, internal
1, 1457671408.59, 203, 0, internal
1, 1457671408.68, 204, 0, sent, 2
1, 1457671408.77, 205, 0, recieved, 0, 201
1, 1457671408.86, 206, 0, sent, 1
1, 1457671408.95, 207, 0, internal
1, 1457671409.04, 208, 0, internal
1, 1457671409.13, 209, 0, internal
1, 1457671409.22, 210, 0, sent, 3
1, 1457671409.31, 211, 0, internal
1, 1457671409.4, 212, 0, sent, 2
1, 1457671409.49, 214, 0, recieved, 0, 213
1, 1457671409.59, 215, 0, internal
1, 1457671409.68, 216, 0, internal
1, 1457671409.77, 217, 0, sent, 2
1, 1457671409.86, 218, 0, internal
1, 1457671409.95, 219, 0, recieved, 0, 217
1, 1457671410.04, 220, 0, internal
1, 1457671410.13, 221, 0, internal
1, 1457671410.22, 222, 0, internal
1, 1457671410.31, 223, 0, sent, 3
1, 1457671410.4, 224, 0, internal
1, 1457671410.49, 225, 0, internal
1, 1457671410.59, 226, 0, internal
1, 1457671410.68, 227, 0, sent, 1
1, 1457671410.77, 228, 0, internal
1, 1457671410.86, 229, 0, internal
1, 1457671410.95, 230, 0, internal
1, 1457671411.04, 231, 0, sent, 2
1, 1457671411.13, 232, 0, internal
1, 1457671411.22, 233, 0, internal
1, 1457671411.31, 234, 0, internal
1, 1457671411.4, 235, 0, internal
1, 1457671411.49, 236, 0, sent, 1
1, 1457671411.59, 237, 0, internal
1, 1457671411.68, 238, 0, sent, 1
1, 1457671411.77, 239, 0, sent, 2
1, 1457671411.86, 240, 0, sent, 3
1, 1457671411.95, 241, 0, internal
1, 1457671412.04, 242, 0, sent, 3
1, 1457671412.13, 243, 0, sent, 1
1, 1457671412.22, 244, 0, sent, 3
1, 1457671412.31, 245, 0, internal
1, 1457671412.4, 246, 0, internal
1, 1457671412.49, 247, 0, sent, 3
1, 1457671412.59, 248, 0, internal
1, 1457671412.68, 249, 0, internal
1, 1457671412.77, 250, 0, internal
1, 1457671412.86, 251, 0, recieved, 0, 250
1, 1457671412.95, 252, 0, recieved, 0, 251
1, 1457671413.04, 253, 0, recieved, 0, 252
1, 1457671413.13, 254, 0, sent, 1
1, 1457671413.22, 255, 0, internal
1, 1457671413.31, 256, 0, internal
1, 1457671413.4, 257, 0, internal
1, 1457671413.49, 258, 0, sent, 3
1, 1457671413.59, 259, 0, internal
1, 1457671413.68, 260, 0, sent, 2
1, 1457671413.77, 261, 0, sent, 3
1, 1457671413.86, 262, 0, internal
1, 1457671413.95, 263, 0, sent, 1
1, 1457671414.04, 264, 0, internal
1, 1457671414.13, 265, 0, sent, 2
1, 1457671414.22, 266, 0, internal
1, 1457671414.31, 267, 0, sent, 2
1, 1457671414.4, 268, 0, internal
1, 1457671414.49, 269, 0, recieved, 0, 268
1, 1457671414.59, 270, 0, internal
1, 1457671414.68, 271, 0, sent, 2
1, 1457671414.77, 272, 0, internal
1, 1457671414.86, 273, 0, sent, 1
1, 1457671414.95, 274, 0, sent, 1
1, 1457671415.04, 275, 0, internal
1, 1457671415.13, 276, 0, internal
1, 1457671415.22, 277, 0, internal
1, 1457671415.31, 278, 0, recieved, 0, 277
1, 1457671415.4, 279, 0, internal
1, 1457671415.49, 280, 0, internal
1, 1457671415.58, 281, 0, recieved, 0, 280
1, 1457671415.68, 282, 0, internal
1, 1457671415.77, 283, 0, recieved, 0, 281
1, 1457671415.86, 284, 0, internal
1, 1457671415.95, 285, 0, internal
1, 1457671416.04, 286, 0, internal
1, 1457671416.13, 287, 0, internal
1, 1457671416.22, 288, 0, recieved, 0, 285
1, 1457671416.31, 289, 0, internal
1, 1457671416.4, 290, 0, internal
1, 1457671416.49, 291, 0, sent, 2
1, 1457671416.59, 292, 0, internal
1, 1457671416.68, 293, 0, sent, 3
1, 1457671416.77, 294, 0, sent, 3
1, 1457671416.86, 295, 0, internal
1, 1457671416.95, 296, 0, internal
1, 1457671417.04, 297, 0, internal
1, 1457671417.13, 298, 0, internal
1, 1457671417.22, 299, 0, internal
1, 1457671417.31, 300, 0, internal
1, 1457671417.4, 301, 0, sent, 3
1, 1457671417.49, 302, 0, internal
1, 1457671417.58, 303, 0, sent, 1
1, 1457671417.68, 304, 0, sent, 2
1, 1457671417.77, 305, 0, internal
1, 1457671417.86, 306, 0, internal
1, 1457671417.95, 307, 0, internal
1, 1457671418.04, 308, 0, recieved, 0, 307
1, 1457671418.13, 309, 0, internal
1, 1457671418.22, 310, 0, internal
1, 1457671418.31, 311, 0, internal
1, 1457671418.4, 312, 0, recieved, 0, 310
1, 1457671418.49, 313, 0, internal
1, 1457671418.59, 314, 0, sent, 3
1, 1457671418.68, 315, 0, internal
1, 1457671418.77, 316, 0, internal
1, 1457671418.86, 317, 0, sent, 2
1, 1457671418.95, 318, 0, internal
1, 1457671419.04, 319, 0, recieved, 0, 318
1, 1457671419.13, 320, 0, internal
1, 1457671419.22, 321, 0, internal
1, 1457671419.31, 322, 0, recieved, 0, 320
1, 1457671419.4, 323, 0, internal
1, 1457671419.49, 324, 0, sent, 3
1, 1457671419.59, 325, 0, internal
1, 1457671419.68, 326, 0, internal
1, 1457671419.77, 327, 0, sent, 1
1, 1457671419.86, 328, 0, sent, 2
1, 1457671419.95, 329, 0, internal
1, 1457671420.04, 330, 0, internal
1, 1457671420.13, 331, 0, internal
1, 1457671420.22, 332, 0, recieved, 0, 331
1, 1457671420.31, 333, 0, internal
1, 1457671420.4, 334, 0, sent, 3
1, 1457671420.49, 335, 0, internal
1, 1457671420.59, 336, 0, internal
1, 1457671420.68, 337, 0, internal
1, 1457671420.77, 338, 0, internal
1, 1457671420.86, 339, 0, sent, 3
1, 1457671420.95, 340, 0, sent, 2
1, 1457671421.04, 341, 0, sent, 1
1, 1457671421.13, 342, 0, internal
1, 1457671421.22, 343, 0, internal
1, 1457671421.31, 344, 0, recieved, 0, 343
1, 1457671421.4, 345, 0, internal
1, 1457671421.49, 346, 0, internal
1, 1457671421.59, 347, 0, internal
1, 1457671421.68, 348, 0, internal
1, 1457671421.77, 349, 0, sent, 2
1, 1457671421.86, 350, 0, internal
1, 1457671421.95, 351, 0, internal
1, 1457671422.04, 352, 0, internal
1, 1457671422.13, 353, 0, sent, 1
1, 1457671422.22, 354, 0, internal
1, 1457671422.31, 355, 0, internal
1, 1457671422.4, 356, 0, recieved, 0, 355
1, 1457671422.49, 357, 0, sent, 1
1, 1457671422.59, 358, 0, internal
1, 1457671422.68, 359, 0, internal
1, 1457671422.77, 360, 0, internal
1, 1457671422.86, 361, 0, internal
1, 1457671422.95, 362, 0, internal
1, 1457671423.04, 363, 0, sent, 3
1, 1457671423.13, 364, 0, internal
1, 1457671423.22, 365, 0, internal
1, 1457671423.31, 366, 0, internal
1, 1457671423.4, 367, 0, sent, 3
1, 1457671423.49, 368, 0, sent, 1
1, 1457671423.59, 369, 0, sent, 3
1, 1457671423.68, 370, 0, internal
1, 1457671423.77, 371, 0, sent, 2
1, 1457671423.86, 372, 0, internal
1, 1457671423.95, 373, 0, internal
1, 1457671424.04, 374, 0, sent, 1
1, 1457671424.13, 375, 0, sent, 1
1, 1457671424.22, 376, 0, internal
1, 1457671424.31, 377, 0, internal
1, 1457671424.4, 378, 0, sent, 3
1, 1457671424.49, 379, 0, sent, 1
1, 1457671424.59, 380, 0, internal
1, 1457671424.68, 381, 0, internal
1, 1457671424.77, 382, 0, internal
1, 1457671424.86, 383, 0, recieved, 0, 382
1, 1457671424.95, 384, 0, internal
1, 1457671425.04, 385, 0, internal
1, 1457671425.13, 386, 0, sent, 1
1, 1457671425.22, 387, 0, recieved, 0, 385
1, 1457671425.31, 388, 0, sent, 2
1, 1457671425.4, 389, 0, internal
1, 1457671425.49, 390, 0, internal
1, 1457671425.58, 391, 0, recieved, 0, 390
1, 1457671425.68, 392, 0, internal
1, 1457671425.77, 393, 0, internal
1, 1457671425.86, 394, 0, internal
1, 1457671425.95, 395, 0, recieved, 0, 393
1, 1457671426.04, 396, 0, internal
1, 1457671426.13, 397, 0, internal
1, 1457671426.22, 398, 0, recieved, 0, 395
1, 1457671426.31, 399, 0, sent, 1
1, 1457671426.4, 400, 0, internal
1, 1457671426.49, 401, 0, internal
1, 1457671426.59, 402, 0, internal
1, 1457671426.68, 403, 0, internal
1, 1457671426.77, 404, 0, recieved, 0, 403
1, 1457671426.86, 405, 0, internal
1, 1457671426.95, 406, 0, recieved, 0, 405
1, 1457671427.04, 407, 0, internal
1, 1457671427.13, 408, 0, internal
1, 1457671427.22, 409, 0, internal
1, 1457671427.31, 410, 0, internal
1, 1457671427.4, 411, 0, internal
1, 1457671427.49, 412, 0, sent, 3
1, 1457671427.59, 413, 0, internal
1, 1457671427.68, 414, 0, sent, 1
1, 1457671427.77, 415, 0, internal
1, 1457671427.86, 416, 0, sent, 1
1, 1457671427.95, 417, 0, internal
1, 1457671428.04, 418, 0, sent, 3
1, 1457671428.13, 419, 0, internal
1, 1457671428.22, 420, 0, internal
1, 1457671428.31, 421, 0, sent, 3
1, 1457671428.4, 422, 0, internal
1, 1457671428.49, 423, 0, sent, 3
1, 1457671428.59, 424, 0, internal
1, 1457671428.68, 425, 0, internal
1, 1457671428.77, 426, 0, sent, 2
1, 1457671428.86, 427, 0, internal
1, 1457671428.95, 428, 0, sent, 2
1, 1457671429.04, 429, 0, recieved, 0, 428
1, 1457671429.13, 430, 0, recieved, 0, 429
1, 1457671429.22, 431, 0, internal
1, 1457671429.31, 432, 0, internal
1, 1457671429.4, 433, 0, internal
1, 1457671429.49, 434, 0, internal
1, 1457671429.59, 435, 0, internal
1, 1457671429.68, 436, 0, internal
1, 1457671429.77, 437, 0, internal
1, 1457671429.86, 438, 0, internal
1, 1457671429.95, 439, 0, internal
1, 1457671430.04, 440, 0, internal
1, 1457671430.13, 441, 0, sent, 2
1, 1457671430.22, 442, 0, sent, 3
1, 1457671430.31, 443, 0, sent, 2
1, 1457671430.4, 445, 0, recieved, 0, 444
1, 1457671430.49, 446, 0, internal
1, 1457671430.59, 447, 0, internal
1, 1457671430.68, 448, 0, sent, 3
1, 1457671430.77, 449, 0, internal
1, 1457671430.86, 450, 0, internal
1, 1457671430.95, 451, 0, internal
1, 1457671431.04, 452, 0, internal
1, 1457671431.13, 453, 0, internal
1, 1457671431.22, 454, 0, sent, 1
1, 1457671431.31, 455, 0, sent, 1
1, 1457671431.4, 456, 0, sent, 3
1, 1457671431.49, 457, 0, internal
1, 1457671431.59, 458, 0, sent, 2
1, 1457671431.68, 459, 0, internal
1, 1457671431.77, 460, 0, internal
1, 1457671431.86, 461, 0, sent, 2
1, 1457671431.95, 462, 0, internal
1, 1457671432.04, 463, 0, sent, 2
1, 1457671432.13, 464, 0, internal
1, 1457671432.22, 465, 0, internal
1, 1457671432.31, 466, 0, internal
1, 1457671432.4, 467, 0, sent, 2
1, 1457671432.49, 468, 0, internal
1, 1457671432.59, 469, 0, internal
1, 1457671432.68, 470, 0, internal
1, 1457671432.77, 471, 0, recieved, 0, 468
1, 1457671432.86, 472, 0, internal
1, 1457671432.95, 473, 0, sent, 1
1, 1457671433.04, 474, 0, internal
1, 1457671433.13, 475, 0, sent, 3
1, 1457671433.22, 476, 0, internal
1, 1457671433.31, 477, 0, internal
1, 1457671433.4, 478, 0, internal
1, 1457671433.49, 479, 0, sent, 3
1, 1457671433.59, 480, 0, sent, 3
1, 1457671433.68, 481, 0, internal
1, 1457671433.77, 482, 0, internal
1, 1457671433.86, 483, 0, internal
1, 1457671433.95, 484, 0, internal
1, 1457671434.04, 485, 0, internal
1, 1457671434.13, 486, 0, internal
1, 1457671434.22, 487, 0, internal
1, 1457671434.31, 488, 0, internal
1, 1457671434.4, 489, 0, internal
1, 1457671434.49, 490, 0, internal
1, 1457671434.59, 491, 0, internal
1, 1457671434.68, 492, 0, internal
1, 1457671434.77, 493, 0, internal
1, 1457671434.86, 494, 0, recieved, 0, 491
1, 1457671434.95, 495, 0, recieved, 0, 492
1, 1457671435.04, 496, 0, sent, 1
1, 1457671435.13, 497, 0, internal
1, 1457671435.22, 498, 0, internal
1, 1457671435.31, 499, 0, internal
1, 1457671435.4, 500, 0, internal
1, 1457671435.49, 501, 0, internal
1, 1457671435.59, 502, 0, internal
1, 1457671435.68, 503, 0, sent, 1
1, 1457671435.77, 504, 0, internal
1, 1457671435.86, 505, 0, internal
1, 1457671435.95, 506, 0, internal
1, 1457671436.04, 508, 0, recieved, 0, 507
1, 1457671436.13, 509, 0, internal
1, 1457671436.22, 510, 0, internal
1, 1457671436.31, 511, 0, internal
1, 1457671436.4, 512, 0, sent, 2
1, 1457671436.49, 513, 0, sent, 2
1, 1457671436.59, 514, 0, internal
1, 1457671436.68, 515, 0, internal
1, 1457671436.77, 516, 0, sent, 2
1, 1457671436.86, 517, 0, sent, 1
1, 1457671436.95, 518, 0, sent, 3
1, 1457671437.04, 519, 0, internal
1, 1457671437.13, 520, 0, internal
1, 1457671437.22, 521, 0, internal
1, 1457671437.31, 522, 0, recieved, 0, 521
1, 1457671437.4, 523, 0, internal
1, 1457671437.49, 524, 0, recieved, 0, 523
1, 1457671437.58, 525, 0, internal
1, 1457671437.68, 526, 0, internal
1, 1457671437.77, 527, 0, sent, 3
1, 1457671437.86, 528, 0, internal
1, 1457671437.95, 529, 0, internal
1, 1457671438.04, 530, 0, sent, 1
1, 1457671438.13, 531, 0, internal
1, 1457671438.22, 532, 0, internal
1, 1457671438.31, 533, 0, recieved, 0, 532
1, 1457671438.4, 534, 0, sent, 1
1, 1457671438.49, 535, 0, sent, 1
1, 1457671438.59, 536, 0, sent, 2
1, 1457671438.68, 537, 0, internal
1, 1457671438.77, 538, 0, internal
1, 1457671438.86, 539, 0, internal
1, 1457671438.95, 540, 0, internal
1, 1457671439.04, 541, 0, sent, 2
1, 1457671439.13, 542, 0, internal
1, 1457671439.22, 543, 0, internal
1, 1457671439.31, 544, 0, sent, 1
1, 1457671439.4, 545, 0, internal
1, 1457671439.49, 546, 0, sent, 1
1, 1457671439.59, 547, 0, sent, 2
1, 1457671439.68, 548, 0, internal
1, 1457671439.77, 549, 0, recieved, 0, 548
1, 1457671439.86, 550, 0, sent, 3
1, 1457671439.95, 551, 0, internal
1, 1457671440.04, 553, 0, recieved, 0, 552
1, 1457671440.13, 554, 0, internal
1, 1457671440.22, 555, 0, internal
1, 1457671440.31, 556, 0, internal
1, 1457671440.4, 557, 0, internal
1, 1457671440.49, 558, 0, recieved, 0, 556
1, 1457671440.59, 559, 0, internal
1, 1457671440.68, 560, 0, sent, 3
1, 1457671440.77, 561, 0, internal
1, 1457671440.86, 563, 0, recieved, 0, 562
1, 1457671440.95, 564, 0, internal
1, 1457671441.04, 565, 0, internal
1, 1457671441.13, 566, 0, internal
1, 1457671441.22, 567, 0, recieved, 0, 565
1, 1457671441.31, 568, 0, internal
1, 1457671441.4, 569, 0, internal
1, 1457671441.49, 570, 0, internal
1, 1457671441.58, 571, 0, sent, 2
1, 1457671441.68, 572, 0, sent, 1
1, 1457671441.77, 573, 0, sent, 1
1, 1457671441.86, 574, 0, internal
1, 1457671441.95, 575, 0, internal
1, 1457671442.04, 576, 0, internal
1, 1457671442.13, 577, 0, internal
1, 1457671442.22, 578, 0, internal
1, 1457671442.31, 579, 0, sent, 2
1, 1457671442.4, 580, 0, recieved, 0, 579
1, 1457671442.49, 581, 0, recieved, 0, 580
1, 1457671442.59, 582, 0, internal
1, 1457671442.68, 583, 0, sent, 3
1, 1457671442.77, 584, 0, internal
1, 1457671442.86, 585, 0, internal
1, 1457671442.95, 586, 0, internal
1, 1457671443.04, 588, 0, recieved, 0, 587
1, 1457671443.13, 589, 0, internal
1, 1457671443.22, 590, 0, sent, 2
1, 1457671443.31, 591, 0, internal
1, 1457671443.4, 592, 0, sent, 3
1, 1457671443.49, 593, 0, internal
1, 1457671443.59, 594, 0, internal
1, 1457671443.68, 595, 0, sent, 3
1, 1457671443.77, 596, 0, internal
1, 1457671443.86, 597, 0, internal
1, 1457671443.95, 599, 0, recieved, 0, 598
1, 1457671444.04, 600, 0, sent, 2
1, 1457671444.13, 601, 0, internal
1, 1457671444.22, 602, 0, sent, 3
1, 1457671444.31, 603, 0, internal
1, 1457671444.4, 604, 0, internal
1, 1457671444.49, 605, 0, internal
1, 1457671444.59, 606, 0, sent, 1
1, 1457671444.68, 607, 0, sent, 3
1, 1457671444.77, 608, 0, internal
1, 1457671444.86, 609, 0, internal
1, 1457671444.95, 610, 0, internal
1, 1457671445.04, 611, 0, recieved, 0, 610
1, 1457671445.13, 612, 0, sent, 1
1, 1457671445.22, 613, 0, recieved, 0, 611
1, 1457671445.31, 614, 0, sent, 3
1, 1457671445.4, 615, 0, sent, 2
1, 1457671445.49, 616, 0, internal
1, 1457671445.58, 617, 0, internal
1, 1457671445.68, 618, 0, internal
1, 1457671445.77, 619, 0, recieved, 0, 618
1, 1457671445.86, 620, 0, recieved, 0, 619
1, 1457671445.95, 621, 0, recieved, 0, 620
1, 1457671446.04, 622, 0, internal
1, 1457671446.13, 623, 0, sent, 1
1, 1457671446.22, 624, 0, internal
1, 1457671446.31, 625, 0, internal
1, 1457671446.4, 626, 0, recieved, 0, 625
1, 1457671446.49, 627, 0, internal
1, 1457671446.59, 628, 0, internal
1, 1457671446.68, 629, 0, internal
1, 1457671446.77, 630, 0, internal
1, 1457671446.86, 631, 0, recieved, 0, 629
1, 1457671446.95, 632, 0, internal
1, 1457671447.04, 633, 0, sent, 3
1, 1457671447.13, 634, 0, internal
1, 1457671447.22, 635, 0, internal
1, 1457671447.31, 636, 0, internal
1, 1457671447.4, 637, 0, recieved, 0, 636
1, 1457671447.49, 638, 0, recieved, 0, 637
1, 1457671447.58, 639, 0, internal
1, 1457671447.68, 640, 0, internal
1, 1457671447.77, 641, 0, sent, 3
1, 1457671447.86, 642, 0, internal
1, 1457671447.95, 643, 0, internal
1, 1457671448.04, 645, 0, recieved, 0, 644
1, 1457671448.13, 646, 0, sent, 2
1, 1457671448.22, 647, 0, internal
1, 1457671448.31, 648, 0, sent, 2
1, 1457671448.4, 649, 0, sent, 3
1, 1457671448.49, 650, 0, internal
1, 1457671448.58, 652, 0, recieved, 0, 651
1, 1457671448.68, 653, 0, internal
1, 1457671448.77, 654, 0, recieved, 0, 652
1, 1457671448.86, 655, 0, sent, 1
1, 1457671448.95, 656, 0, internal
1, 1457671449.04, 657, 0, sent, 2
1, 1457671449.13, 658, 0, internal
1, 1457671449.22, 659, 0, internal
1, 1457671449.31, 660, 0, internal
1, 1457671449.4, 661, 0, internal
1, 1457671449.49, 662, 0, sent, 3
1, 1457671449.58, 663, 0, internal
1, 1457671449.68, 664, 0, internal
1, 1457671449.77, 665, 0, internal
1, 1457671449.86, 666, 0, sent, 1
1, 1457671449.95, 667, 0, internal
1, 1457671450.04, 669, 0, recieved, 0, 668
1, 1457671450.13, 670, 0, internal
1, 1457671450.22, 671, 0, sent, 2
1, 1457671450.31, 672, 0, recieved, 0, 670
1, 1457671450.4, 673, 0, internal
1, 1457671450.49, 674, 0, recieved, 0, 672
1, 1457671450.58, 675, 0, recieved, 0, 673
1, 1457671450.68, 676, 0, internal
1, 1457671450.77, 677, 0, internal
1, 1457671450.86, 678, 0, internal
1, 1457671450.95, 679, 0, sent, 1
1, 1457671451.04, 680, 0, internal
