0, 1457671753.09, 2, 0, internal
0, 1457671753.42, 6, 0, recieved, 1, 5
0, 1457671753.76, 9, 1, recieved, 2, 8
0, 1457671754.09, 12, 0, recieved, 1, 11
0, 1457671754.42, 19, 0, recieved, 1, 18
0, 1457671754.76, 23, 1, recieved, 1, 22
0, 1457671755.09, 24, 1, recieved, 2, 22
0, 1457671755.42, 30, 1, recieved, 2, 29
0, 1457671755.76, 35, 2, recieved, 1, 34
0, 1457671756.09, 39, 4, recieved, 2, 38
0, 1457671756.42, 40, 5, recieved, 1, 38
0, 1457671756.76, 42, 7, recieved, 1, 41
0, 1457671757.09, 43, 7, recieved, 1, 42
0, 1457671757.42, 44, 7, recieved, 2, 42
0, 1457671757.76, 48, 7, recieved, 2, 47
0, 1457671758.09, 49, 7, recieved, 2, 48
0, 1457671758.42, 50, 6, recieved, 2, 49
0, 1457671758.76, 51, 6, recieved, 2, 50
0, 1457671759.09, 52, 6, recieved, 2, 51
0, 1457671759.42, 58, 6, recieved, 2, 57
0, 1457671759.76, 59, 7, recieved, 1, 58
0, 1457671760.09, 67, 7, recieved, 2, 66
0, 1457671760.42, 72, 8, recieved, 2, 71
0, 1457671760.76, 80, 8, recieved, 2, 79
0, 1457671761.09, 86, 7, recieved, 2, 85
0, 1457671761.42, 91, 8, recieved, 2, 90
0, 1457671761.76, 94, 9, recieved, 1, 93
0, 1457671762.09, 97, 9, recieved, 2, 96
0, 1457671762.42, 101, 11, recieved, 1, 100
0, 1457671762.76, 103, 12, recieved, 1, 102
0, 1457671763.09, 106, 11, recieved, 2, 105
0, 1457671763.42, 111, 11, recieved, 1, 110
0, 1457671763.76, 116, 11, recieved, 2, 115
0, 1457671764.09, 118, 11, recieved, 1, 117
0, 1457671764.42, 123, 10, recieved, 1, 122
0, 1457671764.76, 126, 11, recieved, 2, 125
0, 1457671765.09, 130, 12, recieved, 1, 129
0, 1457671765.42, 132, 14, recieved, 2, 131
0, 1457671765.76, 134, 17, recieved, 2, 133
0, 1457671766.09, 135, 17, recieved, 1, 134
0, 1457671766.42, 136, 16, recieved, 2, 135
0, 1457671766.76, 137, 17, recieved, 1, 136
0, 1457671767.09, 146, 16, recieved, 2, 145
0, 1457671767.42, 152, 16, recieved, 1, 151
0, 1457671767.76, 158, 16, recieved, 2, 157
0, 1457671768.09, 165, 17, recieved, 1, 164
0, 1457671768.42, 168, 17, recieved, 2, 167
0, 1457671768.76, 170, 17, recieved, 2, 169
0, 1457671769.09, 172, 16, recieved, 1, 171
0, 1457671769.42, 173, 16, recieved, 1, 172
0, 1457671769.76, 174, 17, recieved, 2, 173
0, 1457671770.09, 175, 16, recieved, 1, 174
0, 1457671770.42, 180, 15, recieved, 1, 179
0, 1457671770.76, 181, 16, recieved, 1, 180
0, 1457671771.09, 182, 16, recieved, 2, 181
0, 1457671771.42, 183, 16, recieved, 1, 181
0, 1457671771.76, 186, 16, recieved, 1, 185
0, 1457671772.09, 194, 17, recieved, 2, 193
0, 1457671772.42, 196, 17, recieved, 1, 195
0, 1457671772.76, 203, 16, recieved, 1, 202
0, 1457671773.09, 211, 16, recieved, 2, 210
0, 1457671773.42, 212, 16, recieved, 1, 211
0, 1457671773.76, 214, 15, recieved, 2, 213
0, 1457671774.09, 217, 17, recieved, 1, 216
0, 1457671774.42, 226, 19, recieved, 1, 225
0, 1457671774.76, 235, 20, recieved, 1, 234
0, 1457671775.09, 237, 20, recieved, 2, 236
0, 1457671775.42, 240, 19, recieved, 2, 239
0, 1457671775.76, 251, 18, recieved, 2, 250
0, 1457671776.09, 253, 17, recieved, 2, 252
0, 1457671776.42, 256, 17, recieved, 1, 255
0, 1457671776.76, 262, 17, recieved, 2, 261
0, 1457671777.09, 265, 17, recieved, 1, 264
0, 1457671777.42, 270, 18, recieved, 1, 269
0, 1457671777.76, 271, 18, recieved, 1, 270
0, 1457671778.09, 276, 19, recieved, 1, 275
0, 1457671778.42, 285, 18, recieved, 2, 284
0, 1457671778.76, 291, 18, recieved, 2, 290
0, 1457671779.09, 299, 18, recieved, 1, 298
0, 1457671779.42, 300, 19, recieved, 1, 299
0, 1457671779.76, 301, 19, recieved, 1, 300
0, 1457671780.09, 302, 20, recieved, 1, 301
0, 1457671780.42, 303, 22, recieved, 1, 302
0, 1457671780.76, 304, 21, recieved, 2, 303
0, 1457671781.09, 309, 21, recieved, 1, 308
0, 1457671781.42, 311, 22, recieved, 1, 310
0, 1457671781.76, 313, 22, recieved, 1, 312
0, 1457671782.09, 332, 21, recieved, 1, 331
0, 1457671782.42, 338, 24, recieved, 1, 337
0, 1457671782.76, 342, 24, recieved, 1, 341
0, 1457671783.09, 346, 24, recieved, 2, 345
0, 1457671783.42, 347, 25, recieved, 1, 345
0, 1457671783.76, 351, 25, recieved, 1, 350
0, 1457671784.09, 355, 24, recieved, 1, 354
0, 1457671784.42, 357, 24, recieved, 2, 356
0, 1457671784.76, 364, 27, recieved, 1, 363
0, 1457671785.09, 371, 27, recieved, 1, 370
0, 1457671785.42, 374, 27, recieved, 2, 373
0, 1457671785.76, 375, 28, recieved, 2, 374
0, 1457671786.09, 382, 27, recieved, 1, 381
0, 1457671786.42, 384, 27, recieved, 2, 383
0, 1457671786.76, 385, 29, recieved, 2, 384
0, 1457671787.09, 387, 29, recieved, 2, 386
0, 1457671787.42, 388, 31, recieved, 1, 386
0, 1457671787.76, 390, 31, recieved, 2, 389
0, 1457671788.09, 398, 31, recieved, 2, 397
0, 1457671788.42, 402, 32, recieved, 2, 401
0, 1457671788.76, 403, 32, recieved, 2, 402
0, 1457671789.09, 410, 33, recieved, 1, 409
0, 1457671789.42, 415, 32, recieved, 1, 414
0, 1457671789.76, 418, 33, recieved, 1, 417
0, 1457671790.09, 419, 33, recieved, 1, 418
0, 1457671790.42, 420, 33, recieved, 2, 418
0, 1457671790.76, 422, 35, recieved, 2, 421
0, 1457671791.09, 427, 35, recieved, 2, 426
0, 1457671791.42, 430, 35, recieved, 2, 429
0, 1457671791.76, 433, 35, recieved, 2, 432
0, 1457671792.09, 434, 35, recieved, 1, 433
0, 1457671792.42, 447, 34, recieved, 2, 446
0, 1457671792.76, 449, 34, recieved, 2, 448
0, 1457671793.09, 450, 35, recieved, 1, 448
0, 1457671793.42, 451, 35, recieved, 1, 450
0, 1457671793.76, 452, 34, recieved, 1, 451
0, 1457671794.09, 455, 34, recieved, 1, 454
0, 1457671794.42, 459, 34, recieved, 2, 458
0, 1457671794.76, 466, 33, recieved, 2, 465
0, 1457671795.09, 467, 33, recieved, 1, 464
0, 1457671795.42, 474, 34, recieved, 2, 473
0, 1457671795.76, 476, 33, recieved, 1, 475
0, 1457671796.09, 477, 33, recieved, 1, 476
0, 1457671796.42, 478, 34, recieved, 1, 477
0, 1457671796.76, 484, 35, recieved, 1, 483
0, 1457671797.09, 487, 36, recieved, 1, 486
0, 1457671797.42, 488, 36, recieved, 2, 486
0, 1457671797.76, 489, 37, recieved, 1, 488
0, 1457671798.09, 494, 37, recieved, 1, 493
0, 1457671798.42, 499, 37, recieved, 2, 498
0, 1457671798.76, 500, 38, recieved, 2, 499
0, 1457671799.09, 504, 38, recieved, 2, 503
0, 1457671799.42, 505, 40, recieved, 2, 504
0, 1457671799.76, 510, 40, recieved, 2, 509
0, 1457671800.09, 511, 42, recieved, 1, 510
0, 1457671800.42, 520, 42, recieved, 2, 519
0, 1457671800.76, 523, 43, recieved, 1, 522
0, 1457671801.09, 525, 42, recieved, 2, 524
0, 1457671801.42, 531, 41, recieved, 2, 530
0, 1457671801.76, 535, 41, recieved, 1, 534
0, 1457671802.09, 536, 40, recieved, 2, 534
0, 1457671802.42, 537, 39, recieved, 2, 536
0, 1457671802.76, 539, 38, recieved, 2, 538
0, 1457671803.09, 543, 38, recieved, 1, 542
0, 1457671803.42, 551, 38, recieved, 2, 550
0, 1457671803.76, 554, 39, recieved, 1, 553
0, 1457671804.09, 565, 38, recieved, 2, 564
0, 1457671804.42, 566, 38, recieved, 1, 565
0, 1457671804.76, 568, 39, recieved, 2, 567
0, 1457671805.09, 573, 39, recieved, 2, 572
0, 1457671805.42, 583, 39, recieved, 2, 582
0, 1457671805.76, 585, 39, recieved, 2, 584
0, 1457671806.09, 595, 40, recieved, 1, 594
0, 1457671806.42, 599, 40, recieved, 1, 598
0, 1457671806.76, 601, 41, recieved, 1, 600
0, 1457671807.09, 612, 42, recieved, 1, 611
0, 1457671807.42, 617, 43, recieved, 2, 616
0, 1457671807.76, 618, 44, recieved, 1, 616
0, 1457671808.09, 619, 43, recieved, 1, 618
0, 1457671808.42, 621, 43, recieved, 1, 620
0, 1457671808.76, 624, 44, recieved, 1, 623
0, 1457671809.09, 626, 44, recieved, 1, 625
0, 1457671809.42, 631, 44, recieved, 1, 630
0, 1457671809.76, 632, 44, recieved, 1, 631
0, 1457671810.09, 634, 44, recieved, 1, 633
0, 1457671810.42, 640, 45, recieved, 1, 639
0, 1457671810.76, 642, 45, recieved, 1, 641
0, 1457671811.09, 649, 47, recieved, 1, 648
0, 1457671811.42, 650, 47, recieved, 1, 649
0, 1457671811.76, 652, 46, recieved, 2, 651
0, 1457671812.09, 655, 46, recieved, 1, 654
0, 1457671812.42, 657, 45, recieved, 1, 656
0, 1457671812.76, 659, 46, recieved, 2, 658
