0, 1457861934.11, 2, 0, internal
0, 1457861935.11, 5, 0, recieved, 2, 4
0, 1457861936.11, 6, 0, recieved, 2, 5
0, 1457861937.11, 10, 0, recieved, 2, 9
0, 1457861938.11, 12, 0, recieved, 2, 11
0, 1457861939.11, 13, 0, internal
0, 1457861940.11, 14, 0, internal
0, 1457861941.11, 22, 0, recieved, 2, 21
0, 1457861942.11, 24, 1, recieved, 2, 23
0, 1457861943.11, 25, 0, recieved, 1, 15
0, 1457861944.11, 31, 0, recieved, 2, 30
0, 1457861945.11, 33, 0, recieved, 2, 32
0, 1457861946.11, 36, 0, recieved, 2, 35
0, 1457861947.11, 40, 0, recieved, 2, 39
0, 1457861948.11, 42, 0, recieved, 2, 41
0, 1457861949.11, 45, 1, recieved, 2, 44
0, 1457861950.11, 46, 0, recieved, 2, 45
0, 1457861951.11, 51, 0, recieved, 2, 50
0, 1457861952.11, 54, 0, recieved, 2, 53
0, 1457861953.11, 57, 0, recieved, 2, 56
0, 1457861954.11, 61, 0, recieved, 2, 60
0, 1457861955.11, 62, 0, internal
0, 1457861956.11, 66, 1, recieved, 2, 65
0, 1457861957.11, 68, 1, recieved, 2, 67
0, 1457861958.11, 69, 0, recieved, 2, 68
0, 1457861959.11, 75, 0, recieved, 2, 74
0, 1457861960.11, 76, 0, sent, 3
0, 1457861961.11, 77, 0, internal
0, 1457861962.11, 78, 0, sent, 2
0, 1457861963.11, 88, 0, recieved, 2, 87
0, 1457861964.11, 89, 0, sent, 3
0, 1457861965.11, 90, 0, recieved, 1, 89
0, 1457861966.11, 91, 0, internal
0, 1457861967.11, 99, 0, recieved, 2, 98
0, 1457861968.11, 104, 0, recieved, 2, 103
0, 1457861969.11, 107, 0, recieved, 2, 106
0, 1457861970.11, 108, 0, internal
0, 1457861971.11, 109, 0, sent, 3
0, 1457861972.11, 110, 0, sent, 2
0, 1457861973.11, 112, 1, recieved, 1, 111
0, 1457861974.11, 119, 0, recieved, 2, 118
0, 1457861975.11, 120, 0, internal
0, 1457861976.11, 121, 0, internal
0, 1457861977.11, 129, 0, recieved, 2, 128
0, 1457861978.11, 130, 0, internal
0, 1457861979.11, 133, 2, recieved, 1, 132
0, 1457861980.11, 136, 1, recieved, 2, 135
0, 1457861981.11, 137, 2, recieved, 2, 136
0, 1457861982.11, 139, 2, recieved, 1, 138
0, 1457861983.11, 141, 3, recieved, 2, 140
0, 1457861984.11, 146, 4, recieved, 2, 145
0, 1457861985.11, 147, 3, recieved, 2, 146
0, 1457861986.11, 149, 3, recieved, 2, 148
0, 1457861987.11, 150, 2, recieved, 2, 149
0, 1457861988.11, 152, 2, recieved, 2, 151
0, 1457861989.11, 153, 2, recieved, 1, 149
0, 1457861990.11, 162, 1, recieved, 2, 161
0, 1457861991.11, 166, 0, recieved, 2, 165
0, 1457861992.11, 167, 0, internal
0, 1457861993.11, 168, 0, internal
