1, 1457671029.33, 2, 0, internal
1, 1457671029.66, 3, 0, internal
1, 1457671030.0, 6, 0, recieved, 2, 5
1, 1457671030.33, 7, 0, internal
1, 1457671030.66, 8, 0, recieved, 2, 7
1, 1457671031.0, 9, 0, internal
1, 1457671031.33, 10, 0, sent, 2
1, 1457671031.66, 11, 0, internal
1, 1457671032.0, 12, 0, internal
1, 1457671032.33, 13, 0, internal
1, 1457671032.66, 18, 1, recieved, 2, 17
1, 1457671033.0, 19, 0, recieved, 2, 18
1, 1457671033.33, 20, 0, internal
1, 1457671033.66, 21, 0, sent, 3
1, 1457671034.0, 22, 0, internal
1, 1457671034.33, 23, 0, internal
1, 1457671034.66, 29, 0, recieved, 2, 28
1, 1457671035.0, 30, 0, recieved, 0, 25
1, 1457671035.33, 31, 0, internal
1, 1457671035.66, 34, 0, recieved, 2, 33
1, 1457671036.0, 35, 0, sent, 2
1, 1457671036.33, 36, 0, internal
1, 1457671036.66, 37, 0, internal
1, 1457671037.0, 40, 1, recieved, 2, 39
1, 1457671037.33, 41, 0, recieved, 2, 40
1, 1457671037.66, 42, 0, internal
1, 1457671038.0, 43, 0, recieved, 0, 42
1, 1457671038.33, 44, 0, internal
1, 1457671038.66, 45, 0, internal
1, 1457671039.0, 51, 0, recieved, 2, 50
1, 1457671039.33, 52, 0, sent, 1
1, 1457671039.66, 53, 0, sent, 2
1, 1457671040.0, 54, 0, internal
1, 1457671040.33, 55, 0, internal
1, 1457671040.66, 56, 0, internal
1, 1457671041.0, 57, 0, internal
1, 1457671041.33, 58, 0, sent, 1
1, 1457671041.66, 59, 0, sent, 2
1, 1457671042.0, 60, 0, internal
1, 1457671042.33, 67, 0, recieved, 2, 66
1, 1457671042.66, 68, 0, internal
1, 1457671043.0, 70, 0, recieved, 2, 69
1, 1457671043.33, 72, 0, recieved, 2, 71
1, 1457671043.66, 74, 0, recieved, 2, 73
1, 1457671044.0, 76, 0, recieved, 2, 75
1, 1457671044.33, 77, 0, sent, 1
1, 1457671044.66, 78, 0, internal
1, 1457671045.0, 79, 0, internal
1, 1457671045.33, 80, 0, internal
1, 1457671045.66, 81, 0, internal
1, 1457671046.0, 85, 0, recieved, 2, 84
1, 1457671046.33, 87, 0, recieved, 2, 86
1, 1457671046.66, 88, 0, internal
1, 1457671047.0, 89, 0, internal
1, 1457671047.33, 90, 0, internal
1, 1457671047.66, 91, 0, internal
1, 1457671048.0, 92, 0, sent, 3
1, 1457671048.33, 93, 0, sent, 1
1, 1457671048.66, 99, 0, recieved, 2, 98
1, 1457671049.0, 100, 0, internal
1, 1457671049.33, 101, 0, sent, 3
1, 1457671049.66, 102, 0, sent, 3
1, 1457671050.0, 103, 0, internal
1, 1457671050.33, 104, 0, internal
1, 1457671050.66, 105, 0, internal
1, 1457671051.0, 110, 0, recieved, 2, 109
1, 1457671051.33, 111, 0, sent, 1
1, 1457671051.66, 112, 0, internal
1, 1457671052.0, 116, 0, recieved, 2, 115
1, 1457671052.33, 117, 0, internal
1, 1457671052.66, 119, 0, recieved, 2, 118
1, 1457671053.0, 120, 0, recieved, 2, 119
1, 1457671053.33, 121, 0, internal
1, 1457671053.66, 124, 0, recieved, 2, 123
1, 1457671054.0, 125, 0, recieved, 2, 124
1, 1457671054.33, 126, 0, sent, 1
1, 1457671054.66, 127, 0, internal
1, 1457671055.0, 128, 0, internal
1, 1457671055.33, 129, 0, internal
1, 1457671055.66, 134, 0, recieved, 2, 133
1, 1457671056.0, 135, 1, recieved, 0, 130
1, 1457671056.33, 136, 0, recieved, 2, 135
1, 1457671056.66, 137, 0, internal
1, 1457671057.0, 139, 0, recieved, 0, 138
1, 1457671057.33, 140, 0, sent, 3
1, 1457671057.66, 141, 0, internal
1, 1457671058.0, 142, 0, internal
1, 1457671058.33, 143, 0, sent, 2
1, 1457671058.66, 144, 0, sent, 3
1, 1457671059.0, 151, 0, recieved, 2, 150
1, 1457671059.33, 152, 0, recieved, 2, 151
1, 1457671059.66, 153, 0, internal
1, 1457671060.0, 154, 0, internal
1, 1457671060.33, 155, 0, internal
1, 1457671060.66, 156, 0, internal
1, 1457671061.0, 157, 0, recieved, 0, 155
1, 1457671061.33, 158, 0, internal
1, 1457671061.66, 159, 0, sent, 1
1, 1457671062.0, 160, 0, internal
1, 1457671062.33, 167, 0, recieved, 2, 166
1, 1457671062.66, 168, 0, sent, 1
1, 1457671063.0, 170, 0, recieved, 2, 169
1, 1457671063.33, 171, 0, internal
1, 1457671063.66, 172, 0, internal
1, 1457671064.0, 175, 0, recieved, 2, 174
1, 1457671064.33, 177, 0, recieved, 2, 176
1, 1457671064.66, 179, 0, recieved, 2, 178
1, 1457671065.0, 180, 0, internal
1, 1457671065.33, 181, 0, sent, 2
1, 1457671065.66, 182, 0, internal
1, 1457671066.0, 183, 0, internal
1, 1457671066.33, 186, 0, recieved, 0, 185
1, 1457671066.66, 189, 0, recieved, 2, 188
1, 1457671067.0, 190, 0, internal
1, 1457671067.33, 191, 0, internal
1, 1457671067.66, 192, 0, sent, 1
1, 1457671068.0, 196, 0, recieved, 2, 195
1, 1457671068.33, 197, 0, internal
1, 1457671068.66, 198, 0, internal
1, 1457671069.0, 199, 0, internal
1, 1457671069.33, 200, 0, internal
1, 1457671069.66, 201, 0, internal
1, 1457671070.0, 202, 0, internal
1, 1457671070.33, 203, 0, internal
1, 1457671070.66, 209, 0, recieved, 2, 208
1, 1457671071.0, 210, 0, internal
1, 1457671071.33, 211, 0, recieved, 0, 210
1, 1457671071.66, 212, 0, internal
1, 1457671072.0, 215, 0, recieved, 2, 214
1, 1457671072.33, 216, 0, sent, 3
1, 1457671072.66, 217, 0, sent, 2
1, 1457671073.0, 221, 0, recieved, 2, 220
1, 1457671073.33, 222, 0, recieved, 2, 221
1, 1457671073.66, 223, 0, internal
1, 1457671074.0, 224, 0, internal
1, 1457671074.33, 225, 0, internal
1, 1457671074.66, 229, 0, recieved, 2, 228
1, 1457671075.0, 230, 0, recieved, 2, 229
1, 1457671075.33, 232, 0, recieved, 2, 231
1, 1457671075.66, 233, 0, internal
1, 1457671076.0, 235, 1, recieved, 2, 234
1, 1457671076.33, 236, 0, recieved, 2, 235
1, 1457671076.66, 238, 0, recieved, 2, 237
1, 1457671077.0, 239, 0, internal
1, 1457671077.33, 240, 0, internal
1, 1457671077.66, 241, 0, internal
1, 1457671078.0, 245, 0, recieved, 2, 244
1, 1457671078.33, 247, 0, recieved, 0, 246
1, 1457671078.66, 248, 0, sent, 2
1, 1457671079.0, 249, 0, sent, 2
1, 1457671079.33, 250, 0, internal
1, 1457671079.66, 251, 0, internal
1, 1457671080.0, 252, 0, sent, 1
1, 1457671080.33, 253, 0, sent, 2
1, 1457671080.66, 254, 0, internal
1, 1457671081.0, 260, 0, recieved, 2, 259
1, 1457671081.33, 261, 0, internal
1, 1457671081.66, 262, 0, internal
1, 1457671082.0, 263, 0, internal
1, 1457671082.33, 264, 0, internal
1, 1457671082.66, 268, 0, recieved, 2, 267
1, 1457671083.0, 269, 0, internal
1, 1457671083.33, 270, 0, internal
1, 1457671083.66, 271, 0, sent, 3
1, 1457671084.0, 272, 0, internal
1, 1457671084.33, 273, 0, internal
1, 1457671084.66, 274, 0, internal
1, 1457671085.0, 275, 0, sent, 2
1, 1457671085.33, 280, 0, recieved, 0, 279
1, 1457671085.66, 283, 0, recieved, 2, 282
1, 1457671086.0, 286, 0, recieved, 2, 285
1, 1457671086.33, 287, 0, recieved, 2, 286
1, 1457671086.66, 288, 0, internal
1, 1457671087.0, 289, 0, sent, 2
1, 1457671087.33, 291, 0, recieved, 0, 290
1, 1457671087.66, 292, 0, internal
1, 1457671088.0, 295, 1, recieved, 2, 294
1, 1457671088.33, 296, 0, recieved, 2, 295
1, 1457671088.66, 297, 0, sent, 1
1, 1457671089.0, 300, 0, recieved, 2, 299
