0, 1457671391.13, 2, 0, internal
0, 1457671391.24, 4, 0, recieved, 1, 3
0, 1457671391.35, 5, 0, sent, 2
0, 1457671391.46, 6, 0, internal
0, 1457671391.58, 7, 0, sent, 1
0, 1457671391.69, 8, 0, internal
0, 1457671391.8, 9, 0, internal
0, 1457671391.91, 10, 0, sent, 3
0, 1457671392.02, 11, 0, internal
0, 1457671392.13, 12, 0, internal
0, 1457671392.24, 15, 0, recieved, 1, 14
0, 1457671392.35, 16, 0, internal
0, 1457671392.46, 18, 0, recieved, 1, 17
0, 1457671392.57, 19, 0, sent, 2
0, 1457671392.68, 20, 0, recieved, 1, 19
0, 1457671392.8, 22, 0, recieved, 1, 21
0, 1457671392.91, 23, 0, sent, 1
0, 1457671393.02, 24, 0, internal
0, 1457671393.13, 25, 0, sent, 1
0, 1457671393.24, 26, 0, internal
0, 1457671393.35, 27, 0, internal
0, 1457671393.46, 30, 0, recieved, 1, 29
0, 1457671393.57, 31, 0, internal
0, 1457671393.69, 32, 0, internal
0, 1457671393.8, 33, 0, internal
0, 1457671393.91, 34, 0, internal
0, 1457671394.02, 35, 0, internal
0, 1457671394.13, 36, 0, internal
0, 1457671394.24, 37, 0, internal
0, 1457671394.35, 38, 0, internal
0, 1457671394.46, 39, 0, internal
0, 1457671394.57, 40, 0, internal
0, 1457671394.69, 41, 0, internal
0, 1457671394.8, 42, 0, internal
0, 1457671394.91, 46, 0, recieved, 1, 45
0, 1457671395.02, 47, 0, internal
0, 1457671395.13, 48, 0, sent, 2
0, 1457671395.24, 49, 0, recieved, 1, 48
0, 1457671395.35, 50, 0, internal
0, 1457671395.46, 51, 0, internal
0, 1457671395.57, 52, 0, internal
0, 1457671395.69, 53, 0, sent, 3
0, 1457671395.8, 54, 0, internal
0, 1457671395.91, 55, 0, internal
0, 1457671396.02, 56, 0, internal
0, 1457671396.13, 57, 0, internal
0, 1457671396.24, 60, 0, recieved, 1, 59
0, 1457671396.35, 61, 0, internal
0, 1457671396.46, 62, 0, internal
0, 1457671396.57, 63, 0, internal
0, 1457671396.68, 64, 0, sent, 2
0, 1457671396.8, 65, 0, internal
0, 1457671396.91, 66, 0, sent, 3
0, 1457671397.02, 67, 0, internal
0, 1457671397.13, 68, 0, internal
0, 1457671397.24, 69, 0, sent, 3
0, 1457671397.35, 70, 0, sent, 3
0, 1457671397.46, 71, 0, sent, 2
0, 1457671397.58, 72, 0, sent, 3
0, 1457671397.69, 73, 0, internal
0, 1457671397.8, 74, 0, sent, 1
0, 1457671397.91, 75, 0, sent, 2
0, 1457671398.02, 76, 0, internal
0, 1457671398.13, 77, 0, internal
0, 1457671398.24, 82, 0, recieved, 1, 81
0, 1457671398.35, 83, 0, internal
0, 1457671398.46, 84, 0, internal
0, 1457671398.57, 85, 0, internal
0, 1457671398.69, 87, 0, recieved, 1, 86
0, 1457671398.8, 89, 0, recieved, 1, 88
0, 1457671398.91, 90, 0, sent, 3
0, 1457671399.02, 91, 0, internal
0, 1457671399.13, 92, 0, internal
0, 1457671399.24, 93, 0, internal
0, 1457671399.35, 94, 0, internal
0, 1457671399.46, 95, 0, sent, 1
0, 1457671399.57, 96, 0, internal
0, 1457671399.69, 100, 0, recieved, 1, 99
0, 1457671399.8, 101, 0, recieved, 1, 100
0, 1457671399.91, 102, 0, recieved, 1, 101
0, 1457671400.02, 103, 0, internal
0, 1457671400.13, 104, 0, recieved, 1, 103
0, 1457671400.24, 105, 0, internal
0, 1457671400.35, 106, 0, internal
0, 1457671400.46, 107, 0, internal
0, 1457671400.57, 108, 0, internal
0, 1457671400.69, 109, 0, internal
0, 1457671400.8, 112, 0, recieved, 1, 111
0, 1457671400.91, 113, 0, internal
0, 1457671401.02, 114, 0, sent, 3
0, 1457671401.13, 115, 0, internal
0, 1457671401.24, 117, 0, recieved, 1, 116
0, 1457671401.35, 118, 0, sent, 1
0, 1457671401.46, 119, 0, sent, 2
0, 1457671401.58, 121, 0, recieved, 1, 120
0, 1457671401.69, 122, 0, recieved, 1, 121
0, 1457671401.8, 123, 0, internal
0, 1457671401.91, 124, 0, sent, 2
0, 1457671402.02, 125, 0, internal
0, 1457671402.13, 126, 0, sent, 2
0, 1457671402.24, 127, 0, internal
0, 1457671402.35, 130, 0, recieved, 1, 129
0, 1457671402.46, 131, 0, sent, 3
0, 1457671402.57, 132, 0, sent, 3
0, 1457671402.69, 135, 0, recieved, 1, 134
0, 1457671402.8, 136, 0, internal
0, 1457671402.91, 137, 0, sent, 3
0, 1457671403.02, 138, 0, sent, 3
0, 1457671403.13, 139, 0, internal
0, 1457671403.24, 142, 0, recieved, 1, 141
0, 1457671403.35, 143, 0, internal
0, 1457671403.46, 144, 0, sent, 1
0, 1457671403.57, 145, 0, internal
0, 1457671403.69, 146, 0, internal
0, 1457671403.8, 149, 0, recieved, 1, 148
0, 1457671403.91, 150, 0, internal
0, 1457671404.02, 151, 0, recieved, 1, 150
0, 1457671404.13, 152, 0, internal
0, 1457671404.24, 154, 0, recieved, 1, 153
0, 1457671404.35, 155, 0, internal
0, 1457671404.46, 156, 0, internal
0, 1457671404.57, 157, 0, sent, 3
0, 1457671404.69, 160, 0, recieved, 1, 159
0, 1457671404.8, 161, 0, internal
0, 1457671404.91, 162, 0, recieved, 1, 161
0, 1457671405.02, 163, 0, sent, 2
0, 1457671405.13, 164, 0, sent, 3
0, 1457671405.24, 165, 0, internal
0, 1457671405.35, 166, 0, sent, 3
0, 1457671405.46, 167, 0, internal
0, 1457671405.58, 170, 0, recieved, 1, 169
0, 1457671405.69, 171, 0, recieved, 1, 170
0, 1457671405.8, 172, 0, internal
0, 1457671405.91, 173, 0, sent, 2
0, 1457671406.02, 174, 0, internal
0, 1457671406.13, 175, 0, internal
0, 1457671406.24, 176, 0, internal
0, 1457671406.35, 177, 0, sent, 2
0, 1457671406.46, 178, 0, internal
0, 1457671406.57, 179, 0, internal
0, 1457671406.69, 183, 0, recieved, 1, 182
0, 1457671406.8, 184, 0, internal
0, 1457671406.91, 185, 0, internal
0, 1457671407.02, 186, 0, recieved, 1, 185
0, 1457671407.13, 187, 0, sent, 3
0, 1457671407.24, 188, 0, sent, 1
0, 1457671407.35, 189, 0, internal
0, 1457671407.46, 190, 0, sent, 1
0, 1457671407.57, 191, 0, internal
0, 1457671407.69, 192, 0, internal
0, 1457671407.8, 193, 0, internal
0, 1457671407.91, 194, 0, sent, 2
0, 1457671408.02, 195, 0, internal
0, 1457671408.13, 196, 0, internal
0, 1457671408.24, 197, 0, internal
0, 1457671408.35, 198, 0, internal
0, 1457671408.46, 199, 0, internal
0, 1457671408.57, 200, 0, internal
0, 1457671408.69, 201, 0, sent, 3
0, 1457671408.8, 202, 0, internal
0, 1457671408.91, 207, 0, recieved, 1, 206
0, 1457671409.02, 208, 0, internal
0, 1457671409.13, 209, 0, internal
0, 1457671409.24, 211, 0, recieved, 1, 210
0, 1457671409.35, 212, 0, internal
0, 1457671409.46, 213, 0, sent, 1
0, 1457671409.57, 214, 0, internal
0, 1457671409.69, 215, 0, internal
0, 1457671409.8, 216, 0, internal
0, 1457671409.91, 217, 0, sent, 3
0, 1457671410.02, 218, 0, internal
0, 1457671410.13, 219, 0, internal
0, 1457671410.24, 220, 0, internal
0, 1457671410.35, 224, 0, recieved, 1, 223
0, 1457671410.46, 225, 0, internal
0, 1457671410.57, 226, 0, internal
0, 1457671410.69, 228, 0, recieved, 1, 227
0, 1457671410.8, 229, 0, internal
0, 1457671410.91, 230, 0, internal
0, 1457671411.02, 231, 0, sent, 2
0, 1457671411.13, 232, 0, internal
0, 1457671411.24, 233, 0, internal
0, 1457671411.35, 234, 0, internal
0, 1457671411.46, 235, 0, internal
0, 1457671411.57, 237, 0, recieved, 1, 236
0, 1457671411.69, 239, 0, recieved, 1, 238
0, 1457671411.8, 240, 0, internal
0, 1457671411.91, 241, 0, recieved, 1, 240
0, 1457671412.02, 242, 0, internal
0, 1457671412.13, 243, 0, recieved, 1, 242
0, 1457671412.24, 244, 1, recieved, 1, 243
0, 1457671412.35, 245, 0, recieved, 1, 244
0, 1457671412.46, 246, 0, internal
0, 1457671412.58, 248, 0, recieved, 1, 247
0, 1457671412.69, 249, 0, internal
0, 1457671412.8, 250, 0, sent, 3
0, 1457671412.91, 251, 0, sent, 1
0, 1457671413.02, 252, 0, sent, 3
0, 1457671413.13, 253, 0, internal
0, 1457671413.24, 255, 0, recieved, 1, 254
0, 1457671413.35, 256, 0, internal
0, 1457671413.46, 257, 0, internal
0, 1457671413.58, 259, 0, recieved, 1, 258
0, 1457671413.69, 260, 0, internal
0, 1457671413.8, 262, 0, recieved, 1, 261
0, 1457671413.91, 263, 0, sent, 2
0, 1457671414.02, 264, 0, recieved, 1, 263
0, 1457671414.13, 265, 0, internal
0, 1457671414.24, 266, 0, internal
0, 1457671414.35, 267, 0, internal
0, 1457671414.46, 268, 0, sent, 3
0, 1457671414.57, 269, 0, internal
0, 1457671414.69, 270, 0, internal
0, 1457671414.8, 271, 0, internal
0, 1457671414.91, 274, 0, recieved, 1, 273
0, 1457671415.02, 275, 0, recieved, 1, 274
0, 1457671415.13, 276, 0, internal
0, 1457671415.24, 277, 0, sent, 3
0, 1457671415.35, 278, 0, internal
0, 1457671415.46, 279, 0, internal
0, 1457671415.58, 280, 0, sent, 1
0, 1457671415.69, 281, 0, sent, 1
0, 1457671415.8, 282, 0, internal
0, 1457671415.91, 283, 0, internal
0, 1457671416.02, 284, 0, sent, 2
0, 1457671416.13, 285, 0, sent, 3
0, 1457671416.24, 286, 0, internal
0, 1457671416.35, 287, 0, internal
0, 1457671416.46, 288, 0, internal
0, 1457671416.57, 289, 0, internal
0, 1457671416.69, 294, 0, recieved, 1, 293
0, 1457671416.8, 295, 0, recieved, 1, 294
0, 1457671416.91, 296, 0, internal
0, 1457671417.02, 297, 0, internal
0, 1457671417.13, 298, 0, sent, 2
0, 1457671417.24, 299, 0, internal
0, 1457671417.35, 300, 0, internal
0, 1457671417.46, 302, 0, recieved, 1, 301
0, 1457671417.57, 303, 0, internal
0, 1457671417.69, 304, 0, recieved, 1, 303
0, 1457671417.8, 305, 0, internal
0, 1457671417.91, 306, 0, internal
0, 1457671418.02, 307, 0, sent, 1
0, 1457671418.13, 308, 0, internal
0, 1457671418.24, 309, 0, sent, 2
0, 1457671418.35, 310, 0, sent, 3
0, 1457671418.46, 311, 0, sent, 2
0, 1457671418.57, 312, 0, internal
0, 1457671418.69, 315, 0, recieved, 1, 314
0, 1457671418.8, 316, 0, sent, 2
0, 1457671418.91, 317, 0, internal
0, 1457671419.02, 318, 0, sent, 1
0, 1457671419.13, 319, 0, internal
0, 1457671419.24, 320, 0, sent, 1
0, 1457671419.35, 321, 0, internal
0, 1457671419.46, 322, 0, internal
0, 1457671419.57, 325, 0, recieved, 1, 324
0, 1457671419.69, 326, 0, sent, 2
0, 1457671419.8, 328, 0, recieved, 1, 327
0, 1457671419.91, 329, 0, internal
0, 1457671420.02, 330, 0, internal
0, 1457671420.13, 331, 0, sent, 1
0, 1457671420.24, 332, 0, sent, 2
0, 1457671420.35, 333, 0, internal
0, 1457671420.46, 335, 0, recieved, 1, 334
0, 1457671420.57, 336, 0, internal
0, 1457671420.69, 337, 0, sent, 2
0, 1457671420.8, 338, 0, internal
0, 1457671420.91, 340, 0, recieved, 1, 339
0, 1457671421.02, 341, 0, internal
0, 1457671421.13, 342, 0, recieved, 1, 341
0, 1457671421.24, 343, 0, sent, 1
0, 1457671421.35, 344, 0, internal
0, 1457671421.46, 345, 0, internal
0, 1457671421.57, 346, 0, internal
0, 1457671421.69, 347, 0, internal
0, 1457671421.8, 348, 0, internal
0, 1457671421.91, 349, 0, sent, 2
0, 1457671422.02, 350, 0, internal
0, 1457671422.13, 351, 0, internal
0, 1457671422.24, 354, 0, recieved, 1, 353
0, 1457671422.35, 355, 0, sent, 3
0, 1457671422.46, 356, 0, internal
0, 1457671422.57, 358, 0, recieved, 1, 357
0, 1457671422.69, 359, 0, internal
0, 1457671422.8, 360, 0, internal
0, 1457671422.91, 361, 0, internal
0, 1457671423.02, 362, 0, internal
0, 1457671423.13, 364, 0, recieved, 1, 363
0, 1457671423.24, 365, 0, internal
0, 1457671423.35, 366, 0, internal
0, 1457671423.46, 368, 0, recieved, 1, 367
0, 1457671423.57, 369, 0, recieved, 1, 368
0, 1457671423.69, 370, 0, recieved, 1, 369
0, 1457671423.8, 371, 0, internal
0, 1457671423.91, 372, 0, internal
0, 1457671424.02, 373, 0, internal
0, 1457671424.13, 375, 0, recieved, 1, 374
0, 1457671424.24, 376, 0, recieved, 1, 375
0, 1457671424.35, 377, 0, internal
0, 1457671424.46, 379, 0, recieved, 1, 378
0, 1457671424.58, 380, 0, recieved, 1, 379
0, 1457671424.69, 381, 0, internal
0, 1457671424.8, 382, 0, sent, 3
0, 1457671424.91, 383, 0, internal
0, 1457671425.02, 384, 0, internal
0, 1457671425.13, 385, 0, sent, 1
0, 1457671425.24, 387, 0, recieved, 1, 386
0, 1457671425.35, 388, 0, internal
0, 1457671425.46, 389, 0, sent, 2
0, 1457671425.58, 390, 0, sent, 3
0, 1457671425.69, 391, 0, internal
0, 1457671425.8, 392, 0, sent, 2
0, 1457671425.91, 393, 0, sent, 1
0, 1457671426.02, 394, 0, internal
0, 1457671426.13, 395, 0, sent, 3
0, 1457671426.24, 396, 0, internal
0, 1457671426.35, 400, 0, recieved, 1, 399
0, 1457671426.46, 401, 0, internal
0, 1457671426.57, 402, 0, internal
0, 1457671426.69, 403, 0, sent, 1
0, 1457671426.8, 404, 0, internal
0, 1457671426.91, 405, 0, sent, 3
0, 1457671427.02, 406, 0, internal
0, 1457671427.13, 407, 0, internal
0, 1457671427.24, 408, 0, internal
0, 1457671427.35, 409, 0, internal
0, 1457671427.46, 410, 0, internal
0, 1457671427.57, 413, 0, recieved, 1, 412
0, 1457671427.69, 415, 0, recieved, 1, 414
0, 1457671427.8, 416, 0, internal
0, 1457671427.91, 417, 0, recieved, 1, 416
0, 1457671428.02, 418, 0, internal
0, 1457671428.13, 419, 0, recieved, 1, 418
0, 1457671428.24, 420, 0, internal
0, 1457671428.35, 422, 0, recieved, 1, 421
0, 1457671428.46, 423, 0, internal
0, 1457671428.57, 424, 0, recieved, 1, 423
0, 1457671428.68, 425, 0, internal
0, 1457671428.8, 426, 0, internal
0, 1457671428.91, 427, 0, internal
0, 1457671429.02, 428, 0, sent, 3
0, 1457671429.13, 429, 0, sent, 3
0, 1457671429.24, 430, 0, internal
0, 1457671429.35, 431, 0, internal
0, 1457671429.46, 432, 0, internal
0, 1457671429.57, 433, 0, internal
0, 1457671429.69, 434, 0, internal
0, 1457671429.8, 435, 0, internal
0, 1457671429.91, 436, 0, internal
0, 1457671430.02, 437, 0, internal
0, 1457671430.13, 438, 0, internal
0, 1457671430.24, 443, 0, recieved, 1, 442
0, 1457671430.35, 444, 0, sent, 1
0, 1457671430.46, 445, 0, internal
0, 1457671430.57, 446, 0, internal
0, 1457671430.69, 449, 0, recieved, 1, 448
0, 1457671430.8, 450, 0, internal
0, 1457671430.91, 451, 0, internal
0, 1457671431.02, 452, 0, sent, 2
0, 1457671431.13, 453, 0, internal
0, 1457671431.24, 455, 0, recieved, 1, 454
0, 1457671431.35, 456, 0, recieved, 1, 455
0, 1457671431.46, 457, 0, recieved, 1, 456
0, 1457671431.57, 458, 0, internal
0, 1457671431.69, 459, 0, internal
0, 1457671431.8, 460, 0, internal
0, 1457671431.91, 461, 0, internal
0, 1457671432.02, 462, 0, sent, 2
0, 1457671432.13, 463, 0, internal
0, 1457671432.24, 464, 0, sent, 2
0, 1457671432.35, 465, 0, internal
0, 1457671432.46, 466, 0, internal
0, 1457671432.58, 467, 0, sent, 2
0, 1457671432.69, 468, 0, sent, 1
0, 1457671432.8, 469, 0, sent, 2
0, 1457671432.91, 470, 0, internal
0, 1457671433.02, 474, 0, recieved, 1, 473
0, 1457671433.13, 475, 0, sent, 2
0, 1457671433.24, 476, 0, recieved, 1, 475
0, 1457671433.35, 477, 0, internal
0, 1457671433.46, 478, 0, internal
0, 1457671433.57, 480, 0, recieved, 1, 479
0, 1457671433.69, 481, 0, recieved, 1, 480
0, 1457671433.8, 482, 0, internal
0, 1457671433.91, 483, 0, sent, 2
0, 1457671434.02, 484, 0, internal
0, 1457671434.13, 485, 0, internal
0, 1457671434.24, 486, 0, internal
0, 1457671434.35, 487, 0, internal
0, 1457671434.46, 488, 0, internal
0, 1457671434.57, 489, 0, internal
0, 1457671434.69, 490, 0, internal
0, 1457671434.8, 491, 0, sent, 3
0, 1457671434.91, 492, 0, sent, 1
0, 1457671435.02, 493, 0, internal
0, 1457671435.13, 497, 0, recieved, 1, 496
0, 1457671435.24, 498, 0, internal
0, 1457671435.35, 499, 0, internal
0, 1457671435.46, 500, 0, internal
0, 1457671435.57, 501, 0, internal
0, 1457671435.69, 504, 0, recieved, 1, 503
0, 1457671435.8, 505, 0, internal
0, 1457671435.91, 506, 0, internal
0, 1457671436.02, 507, 0, sent, 3
0, 1457671436.13, 508, 0, internal
0, 1457671436.24, 509, 0, internal
0, 1457671436.35, 510, 0, internal
0, 1457671436.46, 511, 0, internal
0, 1457671436.57, 512, 0, sent, 2
0, 1457671436.69, 513, 0, internal
0, 1457671436.8, 514, 0, internal
0, 1457671436.91, 518, 0, recieved, 1, 517
0, 1457671437.02, 519, 0, recieved, 1, 518
0, 1457671437.13, 520, 0, internal
0, 1457671437.24, 521, 0, sent, 1
0, 1457671437.35, 522, 0, internal
0, 1457671437.46, 523, 0, sent, 1
0, 1457671437.57, 524, 0, internal
0, 1457671437.69, 525, 0, internal
0, 1457671437.8, 528, 0, recieved, 1, 527
0, 1457671437.91, 529, 0, internal
0, 1457671438.02, 530, 0, internal
0, 1457671438.13, 531, 0, recieved, 1, 530
0, 1457671438.24, 532, 0, sent, 3
0, 1457671438.35, 533, 0, internal
0, 1457671438.46, 535, 0, recieved, 1, 534
0, 1457671438.57, 536, 0, recieved, 1, 535
0, 1457671438.69, 537, 0, internal
0, 1457671438.8, 538, 0, internal
0, 1457671438.91, 539, 0, internal
0, 1457671439.02, 540, 0, internal
0, 1457671439.13, 541, 0, internal
0, 1457671439.24, 542, 0, internal
0, 1457671439.35, 545, 0, recieved, 1, 544
0, 1457671439.46, 546, 0, internal
0, 1457671439.57, 547, 0, recieved, 1, 546
0, 1457671439.69, 548, 0, sent, 3
0, 1457671439.8, 549, 0, internal
0, 1457671439.91, 551, 0, recieved, 1, 550
0, 1457671440.02, 552, 0, sent, 3
0, 1457671440.13, 553, 0, internal
0, 1457671440.24, 554, 0, internal
0, 1457671440.35, 555, 0, internal
0, 1457671440.46, 556, 0, sent, 1
0, 1457671440.57, 557, 0, internal
0, 1457671440.69, 561, 0, recieved, 1, 560
0, 1457671440.8, 562, 0, sent, 1
0, 1457671440.91, 563, 0, internal
0, 1457671441.02, 564, 0, internal
0, 1457671441.13, 565, 0, sent, 3
0, 1457671441.24, 566, 0, sent, 2
0, 1457671441.35, 567, 0, internal
0, 1457671441.46, 568, 0, internal
0, 1457671441.57, 569, 0, internal
0, 1457671441.69, 573, 0, recieved, 1, 572
0, 1457671441.8, 574, 0, recieved, 1, 573
0, 1457671441.91, 575, 0, internal
0, 1457671442.02, 576, 0, internal
0, 1457671442.13, 577, 0, internal
0, 1457671442.24, 578, 0, sent, 2
0, 1457671442.35, 579, 0, sent, 1
0, 1457671442.46, 580, 0, sent, 1
0, 1457671442.57, 581, 0, internal
0, 1457671442.69, 584, 0, recieved, 1, 583
0, 1457671442.8, 585, 0, sent, 2
0, 1457671442.91, 586, 0, internal
0, 1457671443.02, 587, 0, sent, 1
0, 1457671443.13, 588, 0, internal
0, 1457671443.24, 589, 0, sent, 2
0, 1457671443.35, 590, 0, internal
0, 1457671443.46, 593, 0, recieved, 1, 592
0, 1457671443.57, 594, 0, internal
0, 1457671443.69, 596, 0, recieved, 1, 595
0, 1457671443.8, 597, 0, internal
0, 1457671443.91, 598, 0, sent, 3
0, 1457671444.02, 599, 0, internal
0, 1457671444.13, 600, 0, internal
0, 1457671444.24, 603, 0, recieved, 1, 602
0, 1457671444.35, 604, 0, internal
0, 1457671444.46, 605, 0, internal
0, 1457671444.57, 606, 0, internal
0, 1457671444.69, 607, 1, recieved, 1, 606
0, 1457671444.8, 608, 0, recieved, 1, 607
0, 1457671444.91, 609, 0, internal
0, 1457671445.02, 610, 0, sent, 3
0, 1457671445.13, 611, 0, sent, 1
0, 1457671445.24, 613, 0, recieved, 1, 612
0, 1457671445.35, 615, 0, recieved, 1, 614
0, 1457671445.46, 616, 0, sent, 2
0, 1457671445.57, 617, 0, internal
0, 1457671445.69, 618, 0, sent, 1
0, 1457671445.8, 619, 0, sent, 1
0, 1457671445.91, 620, 0, sent, 3
0, 1457671446.02, 621, 0, internal
0, 1457671446.13, 622, 0, internal
0, 1457671446.24, 624, 0, recieved, 1, 623
0, 1457671446.35, 625, 0, sent, 3
0, 1457671446.46, 626, 0, internal
0, 1457671446.57, 627, 0, internal
0, 1457671446.69, 628, 0, internal
0, 1457671446.8, 629, 0, sent, 1
0, 1457671446.91, 630, 0, internal
0, 1457671447.02, 631, 0, internal
0, 1457671447.13, 634, 0, recieved, 1, 633
0, 1457671447.24, 635, 0, internal
0, 1457671447.35, 636, 0, sent, 1
0, 1457671447.46, 637, 0, sent, 3
0, 1457671447.57, 638, 0, internal
0, 1457671447.69, 639, 0, internal
0, 1457671447.8, 642, 0, recieved, 1, 641
0, 1457671447.91, 643, 0, internal
0, 1457671448.02, 644, 0, sent, 3
0, 1457671448.13, 645, 0, internal
0, 1457671448.24, 646, 0, internal
0, 1457671448.35, 647, 0, internal
0, 1457671448.46, 650, 0, recieved, 1, 649
0, 1457671448.57, 651, 0, sent, 1
0, 1457671448.69, 652, 0, sent, 3
0, 1457671448.8, 653, 0, internal
0, 1457671448.91, 656, 0, recieved, 1, 655
0, 1457671449.02, 657, 0, internal
0, 1457671449.13, 658, 0, internal
0, 1457671449.24, 659, 0, internal
0, 1457671449.35, 660, 0, internal
0, 1457671449.46, 661, 0, internal
0, 1457671449.58, 663, 0, recieved, 1, 662
0, 1457671449.69, 664, 0, internal
0, 1457671449.8, 665, 0, sent, 2
0, 1457671449.91, 667, 0, recieved, 1, 666
0, 1457671450.02, 668, 0, sent, 3
0, 1457671450.13, 669, 0, internal
0, 1457671450.24, 670, 0, sent, 1
0, 1457671450.35, 671, 0, internal
0, 1457671450.46, 672, 0, sent, 1
0, 1457671450.58, 673, 0, sent, 3
0, 1457671450.69, 674, 0, internal
0, 1457671450.8, 675, 0, internal
0, 1457671450.91, 676, 0, internal
0, 1457671451.02, 680, 0, recieved, 1, 679
