1, 1457671089.65, 2, 0, internal
1, 1457671089.85, 3, 0, internal
1, 1457671090.05, 5, 0, recieved, 0, 4
1, 1457671090.25, 6, 0, recieved, 0, 5
1, 1457671090.45, 7, 0, recieved, 0, 6
1, 1457671090.65, 8, 0, sent, 1
1, 1457671090.85, 9, 0, recieved, 0, 8
1, 1457671091.05, 11, 0, recieved, 0, 10
1, 1457671091.25, 12, 0, sent, 1
1, 1457671091.45, 13, 0, sent, 1
1, 1457671091.65, 14, 0, internal
1, 1457671091.85, 16, 0, recieved, 0, 15
1, 1457671092.05, 17, 0, internal
1, 1457671092.25, 18, 0, sent, 3
1, 1457671092.45, 19, 0, sent, 1
1, 1457671092.65, 20, 0, sent, 2
1, 1457671092.85, 21, 0, internal
1, 1457671093.05, 24, 0, recieved, 0, 23
1, 1457671093.25, 25, 0, sent, 2
1, 1457671093.45, 26, 0, sent, 3
1, 1457671093.65, 27, 0, internal
1, 1457671093.85, 29, 0, recieved, 0, 28
1, 1457671094.05, 30, 0, internal
1, 1457671094.25, 31, 0, internal
1, 1457671094.45, 33, 0, recieved, 0, 32
1, 1457671094.65, 34, 0, recieved, 0, 33
1, 1457671094.85, 35, 0, sent, 3
1, 1457671095.05, 36, 0, sent, 2
1, 1457671095.25, 38, 0, recieved, 0, 37
1, 1457671095.45, 39, 0, internal
1, 1457671095.65, 40, 0, internal
1, 1457671095.85, 42, 0, recieved, 0, 41
1, 1457671096.05, 43, 0, sent, 2
1, 1457671096.25, 44, 0, sent, 1
1, 1457671096.45, 45, 0, sent, 1
1, 1457671096.65, 46, 0, internal
1, 1457671096.85, 47, 0, sent, 2
1, 1457671097.05, 50, 0, recieved, 0, 49
1, 1457671097.25, 51, 0, recieved, 0, 50
1, 1457671097.45, 52, 0, internal
1, 1457671097.65, 53, 0, recieved, 0, 52
1, 1457671097.85, 54, 0, sent, 2
1, 1457671098.05, 55, 0, internal
1, 1457671098.25, 57, 0, recieved, 0, 56
1, 1457671098.45, 58, 0, sent, 1
1, 1457671098.65, 59, 0, sent, 2
1, 1457671098.85, 60, 0, sent, 3
1, 1457671099.05, 61, 0, sent, 3
1, 1457671099.25, 62, 0, internal
1, 1457671099.45, 65, 0, recieved, 0, 64
1, 1457671099.65, 66, 0, sent, 3
1, 1457671099.85, 67, 0, recieved, 0, 66
1, 1457671100.05, 68, 0, sent, 3
1, 1457671100.25, 69, 0, sent, 1
1, 1457671100.45, 70, 0, internal
1, 1457671100.65, 72, 0, recieved, 0, 71
1, 1457671100.85, 73, 0, sent, 1
1, 1457671101.05, 74, 0, sent, 2
1, 1457671101.25, 75, 0, internal
1, 1457671101.45, 77, 0, recieved, 0, 76
1, 1457671101.65, 78, 0, internal
1, 1457671101.85, 79, 0, recieved, 0, 78
1, 1457671102.05, 80, 0, sent, 2
1, 1457671102.25, 82, 0, recieved, 0, 81
1, 1457671102.45, 83, 0, internal
1, 1457671102.65, 84, 0, recieved, 0, 83
1, 1457671102.85, 85, 0, recieved, 0, 84
1, 1457671103.05, 86, 0, sent, 1
1, 1457671103.25, 87, 0, sent, 2
1, 1457671103.45, 89, 0, recieved, 0, 88
1, 1457671103.65, 90, 0, recieved, 0, 89
1, 1457671103.85, 91, 0, sent, 2
1, 1457671104.05, 92, 0, sent, 3
1, 1457671104.25, 93, 0, internal
1, 1457671104.45, 94, 0, sent, 2
1, 1457671104.65, 95, 0, sent, 3
1, 1457671104.85, 98, 0, recieved, 0, 97
1, 1457671105.05, 99, 0, recieved, 0, 98
1, 1457671105.25, 100, 0, internal
1, 1457671105.45, 101, 0, sent, 1
1, 1457671105.65, 102, 0, sent, 2
1, 1457671105.85, 104, 1, recieved, 0, 103
1, 1457671106.05, 105, 0, recieved, 0, 104
1, 1457671106.25, 106, 0, sent, 2
1, 1457671106.45, 107, 0, sent, 2
1, 1457671106.65, 109, 0, recieved, 0, 108
1, 1457671106.85, 110, 1, recieved, 0, 109
1, 1457671107.05, 111, 0, recieved, 0, 110
1, 1457671107.25, 112, 0, internal
1, 1457671107.45, 113, 0, internal
1, 1457671107.65, 115, 0, recieved, 0, 114
1, 1457671107.85, 116, 0, recieved, 0, 115
1, 1457671108.05, 118, 0, recieved, 0, 117
1, 1457671108.25, 119, 0, recieved, 0, 118
1, 1457671108.45, 120, 0, internal
1, 1457671108.65, 121, 0, sent, 1
1, 1457671108.85, 122, 0, internal
1, 1457671109.05, 124, 0, recieved, 0, 123
1, 1457671109.25, 125, 0, internal
1, 1457671109.45, 126, 0, sent, 2
1, 1457671109.65, 127, 0, recieved, 0, 126
1, 1457671109.85, 128, 1, recieved, 0, 127
1, 1457671110.05, 129, 1, recieved, 0, 128
1, 1457671110.25, 130, 0, recieved, 0, 129
1, 1457671110.45, 132, 0, recieved, 0, 131
1, 1457671110.65, 133, 0, recieved, 0, 132
1, 1457671110.85, 134, 0, recieved, 0, 133
1, 1457671111.05, 136, 0, recieved, 0, 135
1, 1457671111.25, 137, 0, sent, 2
1, 1457671111.45, 138, 0, internal
1, 1457671111.65, 139, 0, recieved, 0, 138
1, 1457671111.85, 141, 0, recieved, 0, 140
1, 1457671112.05, 142, 0, sent, 1
1, 1457671112.25, 143, 0, sent, 1
1, 1457671112.45, 144, 0, sent, 3
1, 1457671112.65, 145, 0, sent, 3
1, 1457671112.85, 146, 0, internal
1, 1457671113.05, 147, 0, sent, 2
1, 1457671113.25, 148, 0, internal
1, 1457671113.45, 151, 0, recieved, 0, 150
1, 1457671113.65, 152, 0, recieved, 0, 151
1, 1457671113.85, 153, 0, sent, 3
1, 1457671114.05, 154, 0, internal
1, 1457671114.25, 155, 0, internal
1, 1457671114.45, 156, 0, sent, 1
1, 1457671114.65, 157, 0, sent, 1
1, 1457671114.85, 158, 0, sent, 3
1, 1457671115.05, 159, 0, internal
1, 1457671115.25, 162, 0, recieved, 0, 161
1, 1457671115.45, 163, 0, sent, 3
1, 1457671115.65, 164, 0, sent, 3
1, 1457671115.85, 165, 0, internal
1, 1457671116.05, 166, 0, internal
1, 1457671116.25, 169, 0, recieved, 0, 168
1, 1457671116.45, 170, 0, sent, 1
1, 1457671116.65, 171, 0, internal
1, 1457671116.85, 172, 0, internal
1, 1457671117.05, 173, 0, sent, 1
1, 1457671117.25, 174, 0, sent, 3
1, 1457671117.45, 175, 0, internal
1, 1457671117.65, 176, 0, sent, 1
1, 1457671117.85, 177, 0, sent, 2
1, 1457671118.05, 181, 0, recieved, 0, 180
1, 1457671118.25, 182, 0, internal
1, 1457671118.45, 183, 0, internal
1, 1457671118.65, 184, 0, recieved, 0, 183
1, 1457671118.85, 185, 0, sent, 2
1, 1457671119.05, 187, 0, recieved, 0, 186
1, 1457671119.25, 188, 0, recieved, 0, 187
1, 1457671119.45, 189, 0, recieved, 0, 188
1, 1457671119.65, 190, 0, internal
1, 1457671119.85, 191, 0, recieved, 0, 190
1, 1457671120.05, 192, 0, internal
1, 1457671120.25, 193, 0, internal
1, 1457671120.45, 194, 0, sent, 2
1, 1457671120.65, 196, 0, recieved, 0, 195
1, 1457671120.85, 197, 1, recieved, 0, 196
1, 1457671121.05, 198, 0, recieved, 0, 197
1, 1457671121.25, 199, 0, sent, 1
1, 1457671121.45, 200, 0, internal
1, 1457671121.65, 201, 0, sent, 3
1, 1457671121.85, 202, 0, sent, 2
1, 1457671122.05, 203, 0, sent, 2
1, 1457671122.25, 204, 0, internal
1, 1457671122.45, 207, 0, recieved, 0, 206
1, 1457671122.65, 208, 0, recieved, 0, 207
1, 1457671122.85, 210, 0, recieved, 0, 209
1, 1457671123.05, 211, 0, recieved, 0, 210
1, 1457671123.25, 212, 0, sent, 1
1, 1457671123.45, 213, 0, internal
1, 1457671123.65, 215, 0, recieved, 0, 214
1, 1457671123.85, 216, 1, recieved, 0, 215
1, 1457671124.05, 217, 1, recieved, 0, 216
1, 1457671124.25, 218, 0, recieved, 0, 217
1, 1457671124.45, 219, 0, sent, 1
1, 1457671124.65, 220, 0, sent, 3
1, 1457671124.85, 221, 0, internal
1, 1457671125.05, 224, 0, recieved, 0, 223
1, 1457671125.25, 225, 0, recieved, 0, 224
1, 1457671125.45, 226, 0, recieved, 0, 225
1, 1457671125.65, 227, 0, recieved, 0, 226
1, 1457671125.85, 228, 0, sent, 2
1, 1457671126.05, 230, 0, recieved, 0, 229
1, 1457671126.25, 231, 0, internal
1, 1457671126.45, 232, 0, recieved, 0, 231
1, 1457671126.65, 233, 0, internal
1, 1457671126.85, 235, 0, recieved, 0, 234
1, 1457671127.05, 236, 0, recieved, 0, 235
1, 1457671127.25, 237, 0, recieved, 0, 236
1, 1457671127.45, 238, 0, sent, 3
1, 1457671127.65, 239, 0, sent, 2
1, 1457671127.85, 241, 0, recieved, 0, 240
1, 1457671128.05, 243, 0, recieved, 0, 242
1, 1457671128.25, 244, 0, sent, 3
1, 1457671128.45, 245, 0, sent, 2
1, 1457671128.65, 246, 0, internal
1, 1457671128.85, 249, 0, recieved, 0, 248
1, 1457671129.05, 250, 0, recieved, 0, 249
1, 1457671129.25, 251, 0, recieved, 0, 250
1, 1457671129.45, 252, 0, sent, 1
1, 1457671129.65, 253, 0, sent, 3
1, 1457671129.85, 255, 0, recieved, 0, 254
1, 1457671130.05, 256, 0, sent, 1
1, 1457671130.25, 257, 0, internal
1, 1457671130.45, 259, 0, recieved, 0, 258
1, 1457671130.65, 260, 0, internal
1, 1457671130.85, 261, 0, sent, 1
1, 1457671131.05, 262, 0, sent, 2
1, 1457671131.25, 263, 0, sent, 1
1, 1457671131.45, 264, 0, internal
1, 1457671131.65, 265, 0, internal
1, 1457671131.85, 267, 1, recieved, 0, 266
1, 1457671132.05, 268, 1, recieved, 0, 267
1, 1457671132.25, 269, 0, recieved, 0, 268
1, 1457671132.45, 271, 0, recieved, 0, 270
1, 1457671132.65, 272, 0, recieved, 0, 271
1, 1457671132.85, 273, 0, internal
1, 1457671133.05, 275, 0, recieved, 0, 274
1, 1457671133.25, 276, 0, sent, 3
1, 1457671133.45, 277, 0, sent, 2
1, 1457671133.65, 279, 0, recieved, 0, 278
1, 1457671133.85, 280, 0, recieved, 0, 279
1, 1457671134.05, 281, 0, internal
1, 1457671134.25, 282, 0, sent, 2
1, 1457671134.45, 284, 0, recieved, 0, 283
1, 1457671134.65, 285, 0, recieved, 0, 284
1, 1457671134.85, 286, 0, internal
1, 1457671135.05, 287, 0, sent, 2
1, 1457671135.25, 289, 0, recieved, 0, 288
1, 1457671135.45, 290, 0, recieved, 0, 289
1, 1457671135.65, 291, 0, sent, 2
1, 1457671135.85, 292, 0, internal
1, 1457671136.05, 293, 0, sent, 3
1, 1457671136.25, 294, 0, sent, 1
1, 1457671136.45, 295, 0, sent, 1
1, 1457671136.65, 296, 0, internal
1, 1457671136.85, 299, 0, recieved, 0, 298
1, 1457671137.05, 300, 0, sent, 1
1, 1457671137.25, 301, 0, internal
1, 1457671137.45, 303, 0, recieved, 0, 302
1, 1457671137.65, 304, 0, internal
1, 1457671137.85, 306, 0, recieved, 0, 305
1, 1457671138.05, 307, 0, sent, 1
1, 1457671138.25, 308, 0, sent, 2
1, 1457671138.45, 310, 0, recieved, 0, 309
1, 1457671138.65, 311, 0, internal
1, 1457671138.85, 313, 0, recieved, 0, 312
1, 1457671139.05, 314, 0, recieved, 0, 313
1, 1457671139.25, 315, 0, recieved, 0, 314
1, 1457671139.45, 316, 0, recieved, 0, 315
1, 1457671139.65, 317, 0, internal
1, 1457671139.85, 318, 0, recieved, 0, 317
1, 1457671140.05, 319, 0, sent, 2
1, 1457671140.25, 320, 0, sent, 3
1, 1457671140.45, 321, 0, sent, 1
1, 1457671140.65, 322, 0, internal
1, 1457671140.85, 325, 0, recieved, 0, 324
1, 1457671141.05, 326, 0, recieved, 0, 325
1, 1457671141.25, 327, 0, internal
1, 1457671141.45, 328, 0, sent, 3
1, 1457671141.65, 329, 0, sent, 3
1, 1457671141.85, 330, 0, sent, 2
1, 1457671142.05, 333, 0, recieved, 0, 332
1, 1457671142.25, 334, 0, recieved, 0, 333
1, 1457671142.45, 335, 0, recieved, 0, 334
1, 1457671142.65, 336, 0, internal
1, 1457671142.85, 337, 1, recieved, 0, 336
1, 1457671143.05, 338, 1, recieved, 0, 337
1, 1457671143.25, 339, 0, recieved, 0, 338
1, 1457671143.45, 341, 0, recieved, 0, 340
1, 1457671143.65, 342, 0, internal
1, 1457671143.85, 343, 0, internal
1, 1457671144.05, 344, 0, internal
1, 1457671144.25, 345, 0, internal
1, 1457671144.45, 346, 0, internal
1, 1457671144.65, 347, 0, sent, 2
1, 1457671144.85, 350, 0, recieved, 0, 349
1, 1457671145.05, 351, 0, internal
1, 1457671145.25, 352, 0, sent, 1
1, 1457671145.45, 353, 0, internal
1, 1457671145.65, 355, 0, recieved, 0, 354
1, 1457671145.85, 356, 0, recieved, 0, 355
1, 1457671146.05, 358, 0, recieved, 0, 357
1, 1457671146.25, 359, 0, internal
1, 1457671146.45, 360, 0, internal
1, 1457671146.65, 361, 0, sent, 1
1, 1457671146.85, 364, 0, recieved, 0, 363
1, 1457671147.05, 365, 0, internal
1, 1457671147.25, 366, 0, internal
1, 1457671147.45, 367, 0, internal
1, 1457671147.65, 368, 0, sent, 3
1, 1457671147.85, 369, 0, recieved, 0, 368
1, 1457671148.05, 371, 0, recieved, 0, 370
1, 1457671148.25, 372, 0, recieved, 0, 371
1, 1457671148.45, 373, 0, recieved, 0, 372
1, 1457671148.65, 374, 0, recieved, 0, 373
1, 1457671148.85, 375, 0, internal
1, 1457671149.05, 376, 0, sent, 2
1, 1457671149.25, 377, 0, sent, 1
1, 1457671149.45, 378, 0, sent, 1
