2, 1457861934.11, 2, 0, internal
2, 1457861934.44, 3, 0, internal
2, 1457861934.78, 4, 0, sent, 3
2, 1457861935.11, 5, 0, sent, 3
2, 1457861935.44, 6, 0, internal
2, 1457861935.78, 7, 0, internal
2, 1457861936.11, 8, 0, internal
2, 1457861936.44, 9, 0, sent, 1
2, 1457861936.78, 10, 0, internal
2, 1457861937.11, 11, 0, sent, 3
2, 1457861937.44, 12, 0, internal
2, 1457861937.78, 13, 0, internal
2, 1457861938.11, 14, 0, internal
2, 1457861938.44, 15, 0, internal
2, 1457861938.78, 16, 0, internal
2, 1457861939.11, 17, 0, internal
2, 1457861939.44, 18, 0, internal
2, 1457861939.78, 19, 0, internal
2, 1457861940.11, 20, 0, internal
2, 1457861940.44, 21, 0, sent, 1
2, 1457861940.78, 22, 0, internal
2, 1457861941.11, 23, 0, sent, 3
2, 1457861941.44, 24, 0, internal
2, 1457861941.78, 25, 0, internal
2, 1457861942.11, 26, 0, sent, 2
2, 1457861942.44, 27, 0, internal
2, 1457861942.79, 28, 0, internal
2, 1457861943.11, 29, 0, internal
2, 1457861943.44, 30, 0, sent, 1
2, 1457861943.78, 31, 0, internal
2, 1457861944.11, 32, 0, sent, 3
2, 1457861944.44, 33, 0, internal
2, 1457861944.78, 34, 0, internal
2, 1457861945.11, 35, 0, sent, 3
2, 1457861945.44, 36, 0, internal
2, 1457861945.78, 37, 0, internal
2, 1457861946.11, 38, 0, sent, 2
2, 1457861946.44, 39, 0, sent, 3
2, 1457861946.78, 40, 0, sent, 2
2, 1457861947.11, 41, 0, sent, 1
2, 1457861947.44, 42, 0, internal
2, 1457861947.78, 43, 0, internal
2, 1457861948.11, 44, 0, sent, 3
2, 1457861948.44, 45, 0, sent, 1
2, 1457861948.78, 46, 0, internal
2, 1457861949.11, 47, 0, sent, 2
2, 1457861949.44, 48, 0, sent, 2
2, 1457861949.78, 49, 0, internal
2, 1457861950.11, 50, 0, sent, 3
2, 1457861950.44, 51, 0, internal
2, 1457861950.78, 52, 0, internal
2, 1457861951.11, 53, 0, sent, 3
2, 1457861951.44, 54, 0, internal
2, 1457861951.78, 55, 0, internal
2, 1457861952.11, 56, 0, sent, 1
2, 1457861952.44, 57, 0, internal
2, 1457861952.78, 58, 0, internal
2, 1457861953.11, 59, 0, internal
2, 1457861953.44, 60, 0, sent, 3
2, 1457861953.78, 61, 0, internal
2, 1457861954.11, 62, 0, internal
2, 1457861954.44, 63, 0, internal
2, 1457861954.78, 64, 0, internal
2, 1457861955.11, 65, 0, sent, 3
2, 1457861955.44, 66, 0, internal
2, 1457861955.78, 67, 0, sent, 1
2, 1457861956.11, 68, 0, sent, 1
2, 1457861956.44, 69, 0, internal
2, 1457861956.78, 70, 0, internal
2, 1457861957.11, 71, 0, internal
2, 1457861957.44, 72, 0, internal
2, 1457861957.78, 73, 0, internal
2, 1457861958.11, 74, 0, sent, 3
2, 1457861958.44, 75, 0, internal
2, 1457861958.78, 76, 0, internal
2, 1457861959.11, 77, 0, internal
2, 1457861959.44, 78, 0, internal
2, 1457861959.78, 79, 0, internal
2, 1457861960.11, 80, 0, internal
2, 1457861960.44, 81, 0, recieved, 0, 76
2, 1457861960.78, 82, 0, internal
2, 1457861961.11, 83, 0, internal
2, 1457861961.44, 84, 0, internal
2, 1457861961.78, 85, 0, internal
2, 1457861962.11, 86, 0, recieved, 0, 78
2, 1457861962.44, 87, 0, sent, 3
2, 1457861962.78, 88, 0, internal
2, 1457861963.11, 89, 0, internal
2, 1457861963.44, 90, 0, internal
2, 1457861963.78, 91, 0, internal
2, 1457861964.11, 92, 0, recieved, 0, 89
2, 1457861964.44, 93, 0, internal
2, 1457861964.78, 94, 0, internal
2, 1457861965.11, 95, 0, sent, 2
2, 1457861965.44, 96, 0, internal
2, 1457861965.78, 97, 0, internal
2, 1457861966.11, 98, 0, sent, 1
2, 1457861966.44, 99, 0, internal
2, 1457861966.78, 100, 0, internal
2, 1457861967.11, 101, 0, sent, 2
2, 1457861967.44, 102, 0, internal
2, 1457861967.78, 103, 0, sent, 3
2, 1457861968.11, 104, 0, internal
2, 1457861968.44, 105, 0, sent, 2
2, 1457861968.78, 106, 0, sent, 1
2, 1457861969.11, 107, 0, internal
2, 1457861969.44, 108, 0, internal
2, 1457861969.78, 109, 0, internal
2, 1457861970.11, 110, 0, internal
2, 1457861970.44, 111, 0, internal
2, 1457861970.78, 112, 0, internal
2, 1457861971.11, 113, 0, recieved, 0, 109
2, 1457861971.44, 114, 0, internal
2, 1457861971.78, 115, 0, internal
2, 1457861972.11, 116, 0, recieved, 0, 110
2, 1457861972.44, 117, 0, internal
2, 1457861972.78, 118, 0, sent, 3
2, 1457861973.11, 119, 0, internal
2, 1457861973.44, 120, 0, internal
2, 1457861973.78, 121, 0, internal
2, 1457861974.11, 122, 0, internal
2, 1457861974.44, 123, 0, internal
2, 1457861974.78, 124, 0, internal
2, 1457861975.11, 125, 0, internal
2, 1457861975.44, 126, 0, internal
2, 1457861975.78, 127, 0, internal
2, 1457861976.11, 128, 0, sent, 1
2, 1457861976.44, 129, 0, recieved, 1, 122
2, 1457861976.78, 130, 0, sent, 2
2, 1457861977.11, 131, 0, internal
2, 1457861977.44, 132, 0, internal
2, 1457861977.78, 133, 0, internal
2, 1457861978.11, 134, 0, internal
2, 1457861978.44, 135, 0, sent, 1
2, 1457861978.78, 136, 0, sent, 3
2, 1457861979.11, 137, 0, internal
2, 1457861979.44, 138, 0, internal
2, 1457861979.78, 139, 0, internal
2, 1457861980.11, 140, 0, sent, 3
2, 1457861980.44, 141, 0, recieved, 1, 138
2, 1457861980.78, 142, 0, internal
2, 1457861981.11, 143, 0, internal
2, 1457861981.44, 144, 0, sent, 2
2, 1457861981.78, 145, 0, sent, 1
2, 1457861982.11, 146, 0, sent, 3
2, 1457861982.44, 147, 0, internal
2, 1457861982.78, 148, 0, sent, 1
2, 1457861983.11, 149, 0, sent, 1
2, 1457861983.44, 150, 0, internal
2, 1457861983.78, 151, 0, sent, 1
2, 1457861984.11, 152, 0, internal
2, 1457861984.44, 153, 0, internal
2, 1457861984.78, 154, 0, internal
2, 1457861985.11, 155, 0, sent, 2
2, 1457861985.44, 156, 0, internal
2, 1457861985.78, 157, 0, internal
2, 1457861986.11, 158, 0, internal
2, 1457861986.44, 159, 0, internal
2, 1457861986.78, 160, 0, sent, 2
2, 1457861987.11, 161, 0, sent, 3
2, 1457861987.44, 162, 0, sent, 2
2, 1457861987.78, 163, 0, internal
2, 1457861988.11, 164, 0, internal
2, 1457861988.44, 165, 0, sent, 3
2, 1457861988.78, 166, 0, internal
2, 1457861989.11, 167, 0, internal
2, 1457861989.44, 168, 0, internal
2, 1457861989.78, 169, 0, internal
2, 1457861990.11, 170, 0, internal
2, 1457861990.44, 171, 0, internal
2, 1457861990.78, 172, 0, internal
2, 1457861991.11, 173, 0, sent, 2
2, 1457861991.44, 174, 0, internal
2, 1457861991.78, 175, 0, internal
2, 1457861992.11, 176, 0, internal
2, 1457861992.44, 177, 0, internal
2, 1457861992.78, 178, 0, internal
2, 1457861993.11, 179, 0, internal
2, 1457861993.44, 180, 0, internal
2, 1457861993.78, 181, 0, internal
