2, 1457671511.86, 2, 0, internal
2, 1457671512.19, 3, 0, internal
2, 1457671512.52, 4, 0, internal
2, 1457671512.86, 5, 0, internal
2, 1457671513.19, 6, 0, internal
2, 1457671513.52, 7, 0, sent, 3
2, 1457671513.86, 8, 0, internal
2, 1457671514.19, 9, 0, internal
2, 1457671514.52, 10, 0, internal
2, 1457671514.86, 11, 0, internal
2, 1457671515.19, 12, 0, internal
2, 1457671515.52, 13, 0, internal
2, 1457671515.86, 14, 0, internal
2, 1457671516.19, 15, 0, internal
2, 1457671516.52, 16, 0, recieved, 0, 13
2, 1457671516.86, 17, 0, recieved, 0, 14
2, 1457671517.19, 18, 0, internal
2, 1457671517.52, 19, 0, internal
2, 1457671517.86, 20, 0, internal
2, 1457671518.19, 21, 0, internal
2, 1457671518.52, 22, 0, internal
2, 1457671518.86, 23, 0, sent, 3
2, 1457671519.19, 24, 0, internal
2, 1457671519.52, 25, 0, internal
2, 1457671519.86, 26, 0, internal
2, 1457671520.19, 27, 0, internal
2, 1457671520.52, 28, 0, internal
2, 1457671520.86, 29, 0, internal
2, 1457671521.19, 30, 0, internal
2, 1457671521.52, 31, 0, sent, 3
2, 1457671521.86, 32, 0, sent, 3
2, 1457671522.19, 33, 0, internal
2, 1457671522.52, 35, 0, recieved, 1, 34
2, 1457671522.86, 36, 0, internal
2, 1457671523.19, 37, 0, internal
2, 1457671523.52, 38, 0, internal
2, 1457671523.86, 39, 0, recieved, 1, 38
2, 1457671524.19, 40, 0, internal
2, 1457671524.52, 41, 0, internal
2, 1457671524.86, 42, 0, sent, 2
2, 1457671525.19, 43, 0, internal
2, 1457671525.52, 45, 0, recieved, 1, 44
2, 1457671525.86, 46, 0, internal
2, 1457671526.19, 47, 0, internal
2, 1457671526.52, 48, 0, recieved, 1, 47
2, 1457671526.86, 49, 0, internal
2, 1457671527.19, 50, 0, internal
2, 1457671527.52, 51, 0, internal
2, 1457671527.86, 52, 0, internal
2, 1457671528.19, 53, 0, internal
2, 1457671528.52, 54, 0, internal
2, 1457671528.86, 55, 0, internal
2, 1457671529.19, 56, 0, sent, 2
2, 1457671529.52, 57, 0, recieved, 0, 53
2, 1457671529.86, 58, 0, sent, 1
2, 1457671530.19, 60, 0, recieved, 1, 59
2, 1457671530.52, 61, 0, recieved, 1, 60
2, 1457671530.86, 62, 0, internal
2, 1457671531.19, 63, 0, internal
2, 1457671531.52, 64, 0, recieved, 0, 62
2, 1457671531.86, 65, 0, internal
2, 1457671532.19, 66, 0, internal
2, 1457671532.52, 67, 0, internal
2, 1457671532.86, 68, 0, internal
2, 1457671533.19, 69, 0, internal
2, 1457671533.52, 70, 0, internal
2, 1457671533.86, 71, 0, internal
2, 1457671534.19, 72, 0, internal
2, 1457671534.52, 73, 0, sent, 1
2, 1457671534.86, 74, 0, recieved, 1, 73
2, 1457671535.19, 75, 0, internal
2, 1457671535.52, 76, 0, internal
2, 1457671535.86, 77, 0, recieved, 1, 76
2, 1457671536.19, 78, 0, internal
2, 1457671536.52, 79, 0, internal
2, 1457671536.86, 80, 0, recieved, 1, 79
2, 1457671537.19, 81, 0, internal
2, 1457671537.52, 82, 0, internal
2, 1457671537.86, 83, 0, internal
2, 1457671538.19, 84, 0, internal
2, 1457671538.52, 85, 0, internal
2, 1457671538.86, 86, 0, internal
2, 1457671539.19, 87, 0, recieved, 1, 86
2, 1457671539.52, 88, 0, internal
2, 1457671539.86, 89, 0, internal
2, 1457671540.19, 90, 0, recieved, 1, 89
2, 1457671540.52, 91, 0, internal
2, 1457671540.86, 92, 0, internal
2, 1457671541.19, 93, 0, internal
2, 1457671541.52, 94, 0, internal
2, 1457671541.86, 95, 0, internal
2, 1457671542.19, 96, 0, sent, 2
2, 1457671542.52, 97, 0, internal
2, 1457671542.86, 98, 0, internal
2, 1457671543.19, 99, 0, internal
2, 1457671543.52, 100, 0, recieved, 0, 95
2, 1457671543.86, 101, 0, recieved, 0, 96
2, 1457671544.19, 102, 0, internal
2, 1457671544.52, 104, 0, recieved, 1, 103
2, 1457671544.86, 105, 0, sent, 3
2, 1457671545.19, 106, 0, internal
2, 1457671545.52, 107, 0, internal
2, 1457671545.86, 108, 0, internal
2, 1457671546.19, 110, 0, recieved, 1, 109
2, 1457671546.52, 111, 0, recieved, 1, 110
2, 1457671546.86, 112, 0, recieved, 1, 111
2, 1457671547.19, 113, 0, internal
2, 1457671547.52, 114, 0, internal
2, 1457671547.86, 115, 0, internal
2, 1457671548.19, 116, 0, internal
2, 1457671548.52, 117, 0, sent, 3
2, 1457671548.86, 118, 0, internal
2, 1457671549.19, 120, 0, recieved, 1, 119
2, 1457671549.52, 121, 0, recieved, 1, 120
2, 1457671549.86, 122, 0, internal
2, 1457671550.19, 123, 0, internal
2, 1457671550.52, 124, 0, recieved, 1, 123
2, 1457671550.86, 125, 0, internal
2, 1457671551.19, 126, 0, internal
2, 1457671551.52, 127, 0, internal
2, 1457671551.86, 128, 0, internal
2, 1457671552.19, 129, 0, internal
2, 1457671552.52, 130, 0, sent, 3
2, 1457671552.86, 131, 0, sent, 3
2, 1457671553.19, 132, 0, internal
2, 1457671553.52, 134, 0, recieved, 1, 133
2, 1457671553.86, 135, 0, internal
2, 1457671554.19, 136, 0, internal
2, 1457671554.52, 137, 0, internal
2, 1457671554.86, 138, 0, internal
2, 1457671555.19, 139, 0, internal
2, 1457671555.52, 140, 0, recieved, 1, 139
2, 1457671555.86, 141, 0, sent, 2
2, 1457671556.19, 142, 0, internal
2, 1457671556.52, 143, 0, recieved, 0, 139
2, 1457671556.86, 144, 0, internal
2, 1457671557.19, 146, 0, recieved, 1, 145
2, 1457671557.52, 147, 0, internal
2, 1457671557.86, 148, 0, recieved, 0, 142
2, 1457671558.19, 149, 0, internal
2, 1457671558.52, 150, 0, recieved, 1, 149
2, 1457671558.86, 151, 0, internal
2, 1457671559.19, 152, 0, internal
2, 1457671559.52, 153, 0, internal
2, 1457671559.86, 154, 0, internal
2, 1457671560.19, 155, 0, internal
2, 1457671560.52, 156, 0, internal
2, 1457671560.86, 157, 0, internal
2, 1457671561.19, 158, 0, internal
2, 1457671561.52, 159, 0, internal
2, 1457671561.86, 160, 0, recieved, 0, 156
2, 1457671562.19, 161, 0, internal
2, 1457671562.52, 162, 0, recieved, 1, 161
2, 1457671562.86, 163, 0, internal
2, 1457671563.19, 164, 0, sent, 3
2, 1457671563.52, 165, 0, internal
2, 1457671563.86, 166, 0, sent, 2
2, 1457671564.19, 167, 0, sent, 2
2, 1457671564.52, 168, 0, sent, 3
2, 1457671564.86, 169, 0, sent, 3
2, 1457671565.19, 170, 0, internal
2, 1457671565.52, 171, 0, internal
2, 1457671565.86, 172, 0, internal
2, 1457671566.19, 173, 0, internal
2, 1457671566.52, 174, 0, internal
2, 1457671566.86, 175, 0, internal
2, 1457671567.19, 176, 0, internal
2, 1457671567.52, 177, 0, recieved, 0, 176
2, 1457671567.86, 178, 0, internal
2, 1457671568.19, 179, 0, internal
2, 1457671568.52, 180, 0, internal
2, 1457671568.86, 181, 0, internal
2, 1457671569.19, 183, 0, recieved, 1, 182
2, 1457671569.52, 184, 0, internal
2, 1457671569.86, 185, 1, recieved, 0, 183
2, 1457671570.19, 186, 0, recieved, 1, 184
2, 1457671570.52, 187, 0, internal
2, 1457671570.86, 188, 0, internal
2, 1457671571.19, 189, 0, internal
2, 1457671571.52, 190, 1, recieved, 0, 187
