2, 1457671029.33, 2, 0, internal
2, 1457671029.53, 3, 0, sent, 1
2, 1457671029.73, 4, 0, internal
2, 1457671029.93, 5, 0, sent, 3
2, 1457671030.13, 6, 0, internal
2, 1457671030.33, 7, 0, sent, 3
2, 1457671030.53, 8, 0, internal
2, 1457671030.73, 9, 0, internal
2, 1457671030.93, 10, 0, internal
2, 1457671031.13, 11, 0, internal
2, 1457671031.33, 12, 0, recieved, 1, 10
2, 1457671031.53, 13, 0, sent, 1
2, 1457671031.73, 14, 0, sent, 1
2, 1457671031.93, 15, 0, internal
2, 1457671032.13, 16, 0, sent, 1
2, 1457671032.33, 17, 0, sent, 3
2, 1457671032.53, 18, 0, sent, 2
2, 1457671032.73, 19, 0, internal
2, 1457671032.93, 20, 0, internal
2, 1457671033.13, 21, 0, internal
2, 1457671033.33, 22, 0, sent, 1
2, 1457671033.53, 23, 0, internal
2, 1457671033.73, 24, 0, recieved, 1, 21
2, 1457671033.93, 25, 0, internal
2, 1457671034.13, 26, 0, internal
2, 1457671034.33, 27, 0, internal
2, 1457671034.53, 28, 0, sent, 2
2, 1457671034.73, 29, 0, internal
2, 1457671034.93, 30, 0, internal
2, 1457671035.13, 31, 0, internal
2, 1457671035.33, 32, 0, internal
2, 1457671035.53, 33, 0, sent, 2
2, 1457671035.73, 34, 0, internal
2, 1457671035.93, 35, 0, sent, 1
2, 1457671036.13, 36, 0, recieved, 1, 35
2, 1457671036.33, 37, 0, internal
2, 1457671036.53, 38, 0, internal
2, 1457671036.73, 39, 0, sent, 3
2, 1457671036.93, 40, 0, sent, 3
2, 1457671037.13, 41, 0, internal
2, 1457671037.33, 42, 0, internal
2, 1457671037.53, 43, 0, internal
2, 1457671037.73, 44, 0, internal
2, 1457671037.93, 45, 0, internal
2, 1457671038.13, 46, 0, internal
2, 1457671038.33, 47, 0, internal
2, 1457671038.53, 48, 0, internal
2, 1457671038.73, 49, 0, internal
2, 1457671038.93, 50, 0, sent, 2
2, 1457671039.13, 51, 0, sent, 1
2, 1457671039.33, 52, 0, internal
2, 1457671039.53, 53, 0, sent, 1
2, 1457671039.73, 54, 0, recieved, 1, 53
2, 1457671039.93, 55, 0, internal
2, 1457671040.13, 56, 0, internal
2, 1457671040.33, 57, 0, internal
2, 1457671040.53, 58, 0, internal
2, 1457671040.73, 59, 0, sent, 1
2, 1457671040.93, 60, 0, internal
2, 1457671041.13, 61, 0, internal
2, 1457671041.33, 62, 0, internal
2, 1457671041.53, 63, 0, internal
2, 1457671041.73, 64, 0, recieved, 1, 59
2, 1457671041.93, 65, 0, sent, 1
2, 1457671042.13, 66, 0, sent, 3
2, 1457671042.33, 67, 0, internal
2, 1457671042.53, 68, 0, internal
2, 1457671042.73, 69, 0, sent, 2
2, 1457671042.93, 70, 0, internal
2, 1457671043.13, 71, 0, sent, 3
2, 1457671043.33, 72, 0, internal
2, 1457671043.53, 73, 0, sent, 2
2, 1457671043.73, 74, 0, internal
2, 1457671043.93, 75, 0, sent, 2
2, 1457671044.13, 76, 0, internal
2, 1457671044.33, 77, 0, recieved, 0, 74
2, 1457671044.53, 78, 0, internal
2, 1457671044.73, 79, 0, internal
2, 1457671044.93, 80, 0, internal
2, 1457671045.13, 81, 0, sent, 1
2, 1457671045.33, 82, 0, internal
2, 1457671045.53, 83, 0, internal
2, 1457671045.73, 84, 0, sent, 3
2, 1457671045.93, 85, 0, internal
2, 1457671046.13, 86, 0, sent, 2
2, 1457671046.33, 87, 0, internal
2, 1457671046.53, 88, 0, internal
2, 1457671046.73, 89, 0, sent, 1
2, 1457671046.93, 90, 0, internal
2, 1457671047.13, 91, 0, internal
2, 1457671047.33, 92, 0, internal
2, 1457671047.53, 93, 0, internal
2, 1457671047.73, 94, 0, internal
2, 1457671047.93, 95, 0, internal
2, 1457671048.13, 96, 0, recieved, 1, 92
2, 1457671048.33, 97, 0, sent, 1
2, 1457671048.53, 98, 0, sent, 3
2, 1457671048.73, 99, 0, internal
2, 1457671048.93, 100, 0, internal
2, 1457671049.13, 101, 0, internal
2, 1457671049.33, 102, 0, recieved, 1, 101
2, 1457671049.53, 103, 0, internal
2, 1457671049.73, 104, 0, recieved, 1, 102
2, 1457671049.93, 105, 0, internal
2, 1457671050.13, 106, 0, internal
2, 1457671050.33, 107, 0, internal
2, 1457671050.53, 108, 0, internal
2, 1457671050.73, 109, 0, sent, 3
2, 1457671050.93, 110, 0, internal
2, 1457671051.13, 111, 0, internal
2, 1457671051.33, 112, 0, internal
2, 1457671051.53, 113, 0, internal
2, 1457671051.73, 114, 0, internal
2, 1457671051.93, 115, 0, sent, 3
2, 1457671052.13, 116, 0, internal
2, 1457671052.33, 117, 0, internal
2, 1457671052.53, 118, 0, sent, 2
2, 1457671052.73, 119, 0, sent, 2
2, 1457671052.93, 120, 0, internal
2, 1457671053.13, 121, 0, internal
2, 1457671053.33, 122, 0, internal
2, 1457671053.53, 123, 0, sent, 3
2, 1457671053.73, 124, 0, sent, 3
2, 1457671053.93, 125, 0, internal
2, 1457671054.13, 126, 0, internal
2, 1457671054.33, 127, 0, internal
2, 1457671054.53, 128, 0, sent, 1
2, 1457671054.73, 129, 0, internal
2, 1457671054.93, 130, 0, internal
2, 1457671055.13, 131, 0, internal
2, 1457671055.33, 132, 0, internal
2, 1457671055.53, 133, 0, sent, 2
2, 1457671055.73, 134, 0, internal
2, 1457671055.93, 135, 0, sent, 2
2, 1457671056.13, 136, 0, sent, 1
2, 1457671056.33, 137, 0, internal
2, 1457671056.53, 138, 0, internal
2, 1457671056.73, 139, 0, internal
2, 1457671056.93, 140, 0, recieved, 0, 138
2, 1457671057.13, 141, 0, internal
2, 1457671057.33, 142, 0, recieved, 1, 140
2, 1457671057.53, 143, 0, internal
2, 1457671057.73, 144, 0, internal
2, 1457671057.93, 145, 0, internal
2, 1457671058.13, 146, 0, sent, 1
2, 1457671058.33, 147, 0, recieved, 1, 143
2, 1457671058.53, 148, 0, internal
2, 1457671058.73, 149, 0, recieved, 1, 144
2, 1457671058.93, 150, 0, sent, 2
2, 1457671059.13, 151, 0, sent, 3
2, 1457671059.33, 152, 0, internal
2, 1457671059.53, 153, 0, internal
2, 1457671059.73, 154, 0, internal
2, 1457671059.93, 155, 0, internal
2, 1457671060.13, 156, 0, internal
2, 1457671060.33, 157, 0, internal
2, 1457671060.53, 158, 0, internal
2, 1457671060.73, 159, 0, internal
2, 1457671060.93, 160, 0, internal
2, 1457671061.13, 161, 0, sent, 1
2, 1457671061.33, 162, 0, internal
2, 1457671061.53, 163, 0, internal
2, 1457671061.73, 164, 0, internal
2, 1457671061.93, 165, 0, internal
2, 1457671062.13, 166, 0, sent, 3
2, 1457671062.33, 167, 0, internal
2, 1457671062.53, 168, 0, internal
2, 1457671062.73, 169, 0, sent, 3
2, 1457671062.93, 170, 0, internal
2, 1457671063.13, 171, 0, internal
2, 1457671063.33, 172, 0, internal
2, 1457671063.53, 173, 0, internal
2, 1457671063.73, 174, 0, sent, 2
2, 1457671063.93, 175, 0, recieved, 0, 171
2, 1457671064.13, 176, 0, sent, 2
2, 1457671064.33, 177, 0, internal
2, 1457671064.53, 178, 0, sent, 2
2, 1457671064.73, 179, 0, internal
2, 1457671064.93, 180, 0, internal
2, 1457671065.13, 181, 0, internal
2, 1457671065.33, 182, 0, recieved, 1, 181
2, 1457671065.53, 183, 0, sent, 1
2, 1457671065.73, 184, 0, internal
2, 1457671065.93, 185, 0, internal
2, 1457671066.13, 186, 0, internal
2, 1457671066.33, 187, 0, recieved, 0, 185
2, 1457671066.53, 188, 0, sent, 3
2, 1457671066.73, 189, 0, internal
2, 1457671066.93, 190, 0, internal
2, 1457671067.13, 191, 0, internal
2, 1457671067.33, 192, 0, internal
2, 1457671067.53, 193, 0, internal
2, 1457671067.73, 194, 0, internal
2, 1457671067.93, 195, 0, sent, 2
2, 1457671068.13, 196, 0, internal
2, 1457671068.33, 197, 0, internal
2, 1457671068.53, 198, 0, internal
2, 1457671068.73, 199, 0, internal
2, 1457671068.93, 200, 0, internal
2, 1457671069.13, 201, 0, internal
2, 1457671069.33, 202, 0, internal
2, 1457671069.53, 203, 0, internal
2, 1457671069.73, 204, 0, internal
2, 1457671069.93, 205, 0, internal
2, 1457671070.13, 206, 0, internal
2, 1457671070.33, 207, 0, internal
2, 1457671070.53, 208, 0, sent, 3
2, 1457671070.73, 209, 0, internal
2, 1457671070.93, 210, 0, internal
2, 1457671071.13, 211, 0, internal
2, 1457671071.33, 212, 0, recieved, 0, 210
2, 1457671071.53, 213, 0, internal
2, 1457671071.73, 214, 0, sent, 2
2, 1457671071.93, 215, 0, recieved, 0, 211
2, 1457671072.13, 216, 0, internal
2, 1457671072.33, 217, 0, recieved, 1, 216
2, 1457671072.53, 218, 0, internal
2, 1457671072.73, 219, 0, recieved, 1, 217
2, 1457671072.93, 220, 0, sent, 2
2, 1457671073.13, 221, 0, sent, 3
2, 1457671073.33, 222, 0, internal
2, 1457671073.53, 223, 0, internal
2, 1457671073.73, 224, 0, internal
2, 1457671073.93, 225, 0, internal
2, 1457671074.13, 226, 0, internal
2, 1457671074.33, 227, 0, internal
2, 1457671074.53, 228, 0, sent, 3
2, 1457671074.73, 229, 0, sent, 2
2, 1457671074.93, 230, 0, internal
2, 1457671075.13, 231, 0, sent, 3
2, 1457671075.33, 232, 0, sent, 1
2, 1457671075.53, 233, 0, internal
2, 1457671075.73, 234, 0, sent, 3
2, 1457671075.93, 235, 0, sent, 3
2, 1457671076.13, 236, 0, internal
2, 1457671076.33, 237, 0, sent, 3
2, 1457671076.53, 238, 0, internal
2, 1457671076.73, 239, 0, internal
2, 1457671076.93, 240, 0, internal
2, 1457671077.13, 241, 0, internal
2, 1457671077.33, 242, 0, internal
2, 1457671077.53, 243, 0, internal
2, 1457671077.73, 244, 0, sent, 3
2, 1457671077.93, 245, 0, internal
2, 1457671078.13, 246, 0, internal
2, 1457671078.33, 247, 0, internal
2, 1457671078.53, 248, 0, internal
2, 1457671078.73, 249, 0, recieved, 1, 248
2, 1457671078.93, 250, 0, internal
2, 1457671079.13, 251, 0, recieved, 1, 249
2, 1457671079.33, 252, 0, internal
2, 1457671079.53, 253, 0, internal
2, 1457671079.73, 254, 0, internal
2, 1457671079.93, 255, 0, internal
2, 1457671080.13, 256, 0, internal
2, 1457671080.33, 257, 0, recieved, 1, 253
2, 1457671080.53, 258, 0, internal
2, 1457671080.73, 259, 0, sent, 2
2, 1457671080.93, 260, 0, internal
2, 1457671081.13, 261, 0, internal
2, 1457671081.33, 262, 0, recieved, 0, 255
2, 1457671081.53, 263, 0, internal
2, 1457671081.73, 264, 0, internal
2, 1457671081.93, 265, 0, internal
2, 1457671082.13, 266, 0, internal
2, 1457671082.33, 267, 0, sent, 3
2, 1457671082.53, 268, 0, internal
2, 1457671082.73, 269, 0, internal
2, 1457671082.93, 270, 0, sent, 1
2, 1457671083.13, 271, 0, internal
2, 1457671083.33, 272, 0, internal
2, 1457671083.53, 273, 0, internal
2, 1457671083.73, 274, 0, recieved, 1, 271
2, 1457671083.93, 275, 0, internal
2, 1457671084.13, 276, 0, internal
2, 1457671084.33, 277, 0, sent, 1
2, 1457671084.53, 278, 0, internal
2, 1457671084.73, 279, 0, internal
2, 1457671084.93, 280, 0, internal
2, 1457671085.13, 281, 0, recieved, 1, 275
2, 1457671085.33, 282, 0, sent, 3
2, 1457671085.53, 283, 0, internal
2, 1457671085.73, 284, 0, internal
2, 1457671085.93, 285, 0, sent, 2
2, 1457671086.13, 286, 0, sent, 2
2, 1457671086.33, 287, 0, internal
2, 1457671086.53, 288, 0, sent, 1
2, 1457671086.73, 289, 0, internal
2, 1457671086.93, 290, 0, internal
2, 1457671087.13, 291, 0, recieved, 1, 289
2, 1457671087.33, 292, 0, recieved, 0, 290
2, 1457671087.53, 293, 0, internal
2, 1457671087.73, 294, 0, sent, 3
2, 1457671087.93, 295, 0, sent, 3
2, 1457671088.13, 296, 0, internal
2, 1457671088.33, 297, 0, internal
2, 1457671088.53, 298, 0, internal
2, 1457671088.73, 299, 0, sent, 2
2, 1457671088.93, 300, 0, sent, 1
2, 1457671089.13, 301, 0, sent, 1
