2, 1457670908.73, 2, 0, internal
2, 1457670908.9, 3, 0, recieved, 1, 2
2, 1457670909.06, 4, 0, internal
2, 1457670909.23, 5, 0, sent, 1
2, 1457670909.4, 6, 0, internal
2, 1457670909.56, 7, 0, internal
2, 1457670909.73, 8, 0, sent, 3
2, 1457670909.9, 9, 0, internal
2, 1457670910.06, 10, 0, internal
2, 1457670910.23, 11, 0, internal
2, 1457670910.4, 12, 1, recieved, 0, 10
2, 1457670910.56, 13, 0, recieved, 1, 11
2, 1457670910.73, 14, 0, internal
2, 1457670910.9, 15, 1, recieved, 0, 13
2, 1457670911.06, 16, 1, recieved, 1, 13
2, 1457670911.23, 17, 0, recieved, 1, 14
2, 1457670911.4, 18, 0, internal
2, 1457670911.56, 19, 0, sent, 1
2, 1457670911.73, 20, 0, internal
2, 1457670911.9, 21, 0, recieved, 1, 18
2, 1457670912.06, 22, 0, internal
2, 1457670912.23, 23, 0, internal
2, 1457670912.4, 24, 0, internal
2, 1457670912.56, 25, 0, internal
2, 1457670912.73, 26, 0, internal
2, 1457670912.9, 27, 0, internal
2, 1457670913.06, 28, 0, recieved, 1, 24
2, 1457670913.23, 29, 0, internal
2, 1457670913.4, 30, 0, internal
2, 1457670913.56, 31, 0, internal
2, 1457670913.73, 32, 0, sent, 3
2, 1457670913.9, 33, 0, sent, 2
2, 1457670914.06, 34, 0, internal
2, 1457670914.23, 35, 0, sent, 2
2, 1457670914.4, 36, 0, internal
2, 1457670914.56, 37, 0, internal
2, 1457670914.73, 38, 0, sent, 3
2, 1457670914.9, 39, 0, recieved, 1, 38
2, 1457670915.06, 40, 0, internal
2, 1457670915.23, 41, 0, internal
2, 1457670915.4, 42, 0, recieved, 1, 41
2, 1457670915.56, 43, 0, internal
2, 1457670915.73, 44, 0, internal
2, 1457670915.9, 45, 0, recieved, 1, 43
2, 1457670916.06, 46, 0, sent, 2
2, 1457670916.23, 47, 0, internal
2, 1457670916.4, 48, 0, recieved, 0, 46
2, 1457670916.56, 49, 0, internal
2, 1457670916.73, 50, 0, internal
2, 1457670916.9, 51, 0, internal
2, 1457670917.06, 52, 0, sent, 1
2, 1457670917.23, 53, 0, recieved, 1, 52
2, 1457670917.4, 54, 0, internal
2, 1457670917.56, 55, 0, internal
2, 1457670917.73, 56, 0, internal
2, 1457670917.9, 57, 0, internal
2, 1457670918.06, 58, 0, sent, 2
2, 1457670918.23, 59, 0, internal
2, 1457670918.4, 60, 0, internal
2, 1457670918.56, 61, 0, recieved, 0, 58
2, 1457670918.73, 62, 0, internal
2, 1457670918.9, 63, 0, sent, 3
2, 1457670919.06, 64, 0, internal
2, 1457670919.23, 65, 0, sent, 3
2, 1457670919.4, 66, 0, internal
2, 1457670919.56, 67, 0, internal
2, 1457670919.73, 68, 0, sent, 2
2, 1457670919.9, 69, 0, recieved, 0, 67
2, 1457670920.06, 70, 0, internal
2, 1457670920.23, 71, 0, internal
2, 1457670920.4, 72, 0, recieved, 0, 69
2, 1457670920.56, 73, 0, internal
2, 1457670920.73, 74, 0, internal
2, 1457670920.9, 75, 0, internal
2, 1457670921.06, 76, 0, recieved, 0, 74
2, 1457670921.23, 77, 0, sent, 3
2, 1457670921.4, 78, 0, internal
2, 1457670921.56, 79, 0, internal
2, 1457670921.73, 80, 0, internal
2, 1457670921.9, 81, 0, internal
2, 1457670922.06, 82, 0, sent, 2
2, 1457670922.23, 83, 0, sent, 3
2, 1457670922.4, 84, 0, sent, 1
2, 1457670922.56, 86, 0, recieved, 1, 85
2, 1457670922.73, 87, 0, sent, 3
2, 1457670922.9, 88, 0, internal
2, 1457670923.06, 89, 0, internal
2, 1457670923.23, 90, 0, internal
2, 1457670923.4, 91, 0, sent, 2
2, 1457670923.56, 92, 0, internal
2, 1457670923.73, 93, 0, internal
2, 1457670923.9, 94, 0, recieved, 0, 92
2, 1457670924.06, 95, 0, internal
2, 1457670924.23, 96, 0, sent, 2
2, 1457670924.4, 97, 0, internal
2, 1457670924.56, 99, 0, recieved, 1, 98
2, 1457670924.73, 100, 0, internal
2, 1457670924.9, 101, 0, recieved, 1, 99
2, 1457670925.06, 102, 0, internal
2, 1457670925.23, 103, 0, recieved, 1, 101
2, 1457670925.4, 104, 0, internal
2, 1457670925.56, 105, 0, internal
2, 1457670925.73, 106, 0, internal
2, 1457670925.9, 107, 0, sent, 2
2, 1457670926.06, 108, 0, internal
2, 1457670926.23, 109, 0, internal
2, 1457670926.4, 110, 1, recieved, 0, 106
2, 1457670926.56, 111, 0, recieved, 1, 110
2, 1457670926.73, 112, 0, internal
2, 1457670926.9, 113, 0, recieved, 0, 108
2, 1457670927.06, 114, 0, recieved, 1, 113
2, 1457670927.23, 115, 0, sent, 3
2, 1457670927.4, 116, 0, internal
2, 1457670927.56, 118, 0, recieved, 1, 117
2, 1457670927.73, 119, 0, internal
2, 1457670927.9, 120, 0, recieved, 0, 117
2, 1457670928.06, 121, 0, internal
2, 1457670928.23, 122, 0, internal
2, 1457670928.4, 123, 0, internal
2, 1457670928.56, 124, 0, internal
2, 1457670928.73, 125, 0, internal
2, 1457670928.9, 126, 0, sent, 3
2, 1457670929.06, 127, 0, internal
2, 1457670929.23, 128, 0, sent, 3
2, 1457670929.4, 129, 0, internal
2, 1457670929.56, 130, 0, internal
2, 1457670929.73, 131, 0, internal
2, 1457670929.9, 132, 0, sent, 2
2, 1457670930.06, 133, 0, internal
2, 1457670930.23, 134, 0, internal
2, 1457670930.4, 135, 0, recieved, 0, 132
2, 1457670930.56, 136, 0, recieved, 0, 133
2, 1457670930.73, 137, 0, internal
2, 1457670930.9, 138, 0, internal
2, 1457670931.06, 139, 0, recieved, 1, 137
2, 1457670931.23, 140, 0, recieved, 1, 138
2, 1457670931.4, 141, 0, internal
2, 1457670931.56, 142, 0, internal
2, 1457670931.73, 143, 0, internal
2, 1457670931.9, 144, 0, sent, 1
2, 1457670932.06, 145, 0, internal
2, 1457670932.23, 146, 0, internal
2, 1457670932.4, 147, 0, recieved, 0, 146
2, 1457670932.56, 148, 0, sent, 3
2, 1457670932.73, 149, 0, internal
2, 1457670932.9, 150, 0, internal
2, 1457670933.06, 151, 0, internal
2, 1457670933.23, 152, 0, internal
2, 1457670933.4, 153, 0, recieved, 1, 152
2, 1457670933.56, 154, 0, recieved, 1, 153
2, 1457670933.73, 155, 0, internal
2, 1457670933.9, 156, 0, internal
2, 1457670934.06, 157, 0, internal
2, 1457670934.23, 158, 0, internal
2, 1457670934.4, 159, 0, recieved, 0, 156
2, 1457670934.56, 160, 0, recieved, 0, 157
2, 1457670934.73, 161, 0, sent, 3
2, 1457670934.9, 162, 0, internal
2, 1457670935.06, 163, 0, internal
2, 1457670935.23, 164, 0, recieved, 1, 163
2, 1457670935.4, 165, 0, internal
2, 1457670935.56, 166, 0, sent, 3
2, 1457670935.73, 167, 0, sent, 3
2, 1457670935.9, 168, 0, sent, 1
2, 1457670936.06, 169, 0, sent, 1
2, 1457670936.23, 170, 0, recieved, 1, 169
2, 1457670936.4, 171, 0, sent, 2
2, 1457670936.56, 172, 0, internal
2, 1457670936.73, 173, 0, internal
2, 1457670936.9, 174, 0, sent, 3
2, 1457670937.06, 175, 0, internal
2, 1457670937.23, 176, 0, internal
2, 1457670937.4, 177, 0, internal
2, 1457670937.56, 178, 0, sent, 1
2, 1457670937.73, 179, 0, internal
2, 1457670937.9, 180, 0, internal
2, 1457670938.06, 181, 0, recieved, 1, 180
2, 1457670938.23, 182, 0, recieved, 1, 181
2, 1457670938.4, 183, 0, internal
2, 1457670938.56, 184, 0, recieved, 0, 182
2, 1457670938.73, 185, 0, sent, 2
2, 1457670938.9, 186, 0, internal
2, 1457670939.06, 187, 0, sent, 2
2, 1457670939.23, 188, 0, internal
2, 1457670939.4, 189, 0, sent, 2
2, 1457670939.56, 190, 0, internal
2, 1457670939.73, 191, 0, sent, 1
2, 1457670939.9, 192, 0, recieved, 1, 191
2, 1457670940.06, 193, 0, sent, 3
2, 1457670940.23, 194, 0, sent, 3
2, 1457670940.4, 195, 0, internal
2, 1457670940.56, 196, 0, internal
2, 1457670940.73, 197, 0, sent, 1
2, 1457670940.9, 198, 0, recieved, 0, 196
2, 1457670941.06, 199, 0, sent, 1
2, 1457670941.23, 200, 0, recieved, 1, 199
2, 1457670941.4, 201, 0, sent, 3
2, 1457670941.56, 202, 0, internal
2, 1457670941.73, 203, 0, sent, 1
2, 1457670941.9, 204, 0, recieved, 0, 203
2, 1457670942.06, 205, 0, internal
2, 1457670942.23, 206, 0, internal
2, 1457670942.4, 207, 0, internal
2, 1457670942.56, 208, 0, internal
2, 1457670942.73, 209, 0, internal
2, 1457670942.9, 210, 0, sent, 1
2, 1457670943.06, 211, 0, internal
2, 1457670943.23, 212, 0, internal
2, 1457670943.4, 213, 0, sent, 2
2, 1457670943.56, 214, 0, sent, 2
2, 1457670943.73, 215, 0, sent, 2
2, 1457670943.9, 216, 0, internal
2, 1457670944.06, 217, 0, internal
2, 1457670944.23, 218, 0, internal
2, 1457670944.4, 219, 0, internal
2, 1457670944.56, 220, 0, internal
2, 1457670944.73, 221, 0, sent, 3
2, 1457670944.9, 222, 0, internal
2, 1457670945.06, 223, 0, internal
2, 1457670945.23, 224, 0, internal
2, 1457670945.4, 225, 0, recieved, 1, 224
2, 1457670945.56, 226, 0, internal
2, 1457670945.73, 227, 0, internal
2, 1457670945.9, 228, 0, recieved, 1, 226
2, 1457670946.06, 229, 0, internal
2, 1457670946.23, 230, 0, internal
2, 1457670946.4, 231, 0, internal
2, 1457670946.56, 232, 0, recieved, 0, 229
2, 1457670946.73, 233, 0, sent, 1
2, 1457670946.9, 234, 0, recieved, 1, 231
2, 1457670947.06, 235, 0, sent, 2
2, 1457670947.23, 236, 0, sent, 1
2, 1457670947.4, 237, 0, internal
2, 1457670947.56, 238, 0, internal
2, 1457670947.73, 239, 0, internal
2, 1457670947.9, 240, 0, internal
2, 1457670948.06, 241, 0, internal
2, 1457670948.23, 242, 0, recieved, 1, 241
2, 1457670948.4, 243, 0, sent, 2
2, 1457670948.56, 244, 0, recieved, 0, 243
2, 1457670948.73, 245, 0, internal
2, 1457670948.9, 246, 0, internal
2, 1457670949.06, 247, 0, recieved, 1, 246
2, 1457670949.23, 248, 0, internal
2, 1457670949.4, 249, 0, recieved, 1, 248
2, 1457670949.56, 250, 0, recieved, 0, 249
2, 1457670949.73, 251, 0, sent, 2
2, 1457670949.9, 252, 0, internal
2, 1457670950.06, 253, 0, recieved, 0, 251
2, 1457670950.23, 254, 0, internal
2, 1457670950.4, 255, 0, internal
2, 1457670950.56, 256, 0, internal
2, 1457670950.73, 257, 0, internal
2, 1457670950.9, 258, 0, internal
2, 1457670951.06, 259, 0, internal
2, 1457670951.23, 260, 0, internal
2, 1457670951.4, 261, 0, recieved, 0, 256
2, 1457670951.56, 262, 0, internal
2, 1457670951.73, 263, 0, sent, 3
2, 1457670951.9, 264, 0, sent, 2
2, 1457670952.06, 265, 0, internal
2, 1457670952.23, 266, 0, internal
2, 1457670952.4, 267, 0, sent, 2
2, 1457670952.56, 268, 0, internal
2, 1457670952.73, 269, 0, internal
2, 1457670952.9, 270, 0, sent, 2
2, 1457670953.06, 271, 0, recieved, 0, 268
2, 1457670953.23, 272, 0, internal
2, 1457670953.4, 273, 0, internal
2, 1457670953.56, 275, 0, recieved, 1, 274
2, 1457670953.73, 276, 0, internal
2, 1457670953.9, 277, 0, internal
2, 1457670954.06, 278, 0, recieved, 1, 276
2, 1457670954.23, 279, 0, sent, 1
2, 1457670954.4, 280, 0, sent, 3
2, 1457670954.56, 281, 0, sent, 1
2, 1457670954.73, 282, 0, internal
2, 1457670954.9, 283, 0, recieved, 1, 282
2, 1457670955.06, 284, 0, recieved, 1, 283
2, 1457670955.23, 285, 0, recieved, 1, 284
2, 1457670955.4, 286, 0, recieved, 1, 285
2, 1457670955.56, 287, 0, internal
2, 1457670955.73, 288, 0, internal
2, 1457670955.9, 289, 0, recieved, 1, 287
2, 1457670956.06, 290, 0, internal
2, 1457670956.23, 291, 0, internal
2, 1457670956.4, 292, 0, recieved, 1, 290
2, 1457670956.56, 293, 0, internal
2, 1457670956.73, 294, 0, sent, 3
2, 1457670956.9, 295, 0, internal
2, 1457670957.06, 296, 0, internal
2, 1457670957.23, 297, 0, recieved, 1, 296
2, 1457670957.4, 298, 0, internal
2, 1457670957.56, 299, 0, sent, 2
2, 1457670957.73, 300, 0, sent, 2
2, 1457670957.9, 301, 0, sent, 2
2, 1457670958.06, 302, 0, recieved, 0, 299
2, 1457670958.23, 303, 0, internal
2, 1457670958.4, 304, 0, internal
2, 1457670958.56, 305, 0, internal
2, 1457670958.73, 306, 0, internal
2, 1457670958.9, 307, 0, internal
2, 1457670959.06, 308, 0, internal
2, 1457670959.23, 309, 0, internal
2, 1457670959.4, 310, 0, recieved, 0, 304
2, 1457670959.56, 311, 0, sent, 1
2, 1457670959.73, 312, 0, sent, 2
2, 1457670959.9, 313, 0, internal
2, 1457670960.06, 314, 0, internal
2, 1457670960.23, 315, 0, internal
2, 1457670960.4, 316, 0, internal
2, 1457670960.56, 317, 0, recieved, 1, 316
2, 1457670960.73, 318, 0, internal
2, 1457670960.9, 319, 0, internal
2, 1457670961.06, 320, 0, internal
2, 1457670961.23, 321, 0, internal
2, 1457670961.4, 322, 0, sent, 1
2, 1457670961.56, 323, 0, internal
2, 1457670961.73, 324, 0, internal
2, 1457670961.9, 325, 0, sent, 1
2, 1457670962.06, 326, 0, internal
2, 1457670962.23, 327, 0, sent, 1
2, 1457670962.4, 328, 0, recieved, 1, 325
2, 1457670962.56, 329, 0, internal
2, 1457670962.73, 330, 0, internal
2, 1457670962.9, 331, 0, recieved, 1, 327
2, 1457670963.06, 332, 0, internal
2, 1457670963.23, 333, 0, sent, 3
2, 1457670963.4, 334, 0, sent, 3
2, 1457670963.56, 335, 0, internal
2, 1457670963.73, 336, 0, internal
2, 1457670963.9, 337, 0, internal
2, 1457670964.06, 338, 0, internal
2, 1457670964.23, 339, 0, internal
2, 1457670964.4, 340, 0, internal
2, 1457670964.56, 341, 0, recieved, 0, 338
2, 1457670964.73, 342, 0, internal
2, 1457670964.9, 343, 0, sent, 3
2, 1457670965.06, 344, 0, sent, 3
2, 1457670965.23, 345, 0, sent, 1
2, 1457670965.4, 346, 0, internal
2, 1457670965.56, 347, 0, internal
2, 1457670965.73, 348, 0, sent, 1
2, 1457670965.9, 349, 0, recieved, 1, 348
2, 1457670966.06, 350, 0, internal
2, 1457670966.23, 351, 0, internal
2, 1457670966.4, 352, 0, internal
2, 1457670966.56, 353, 0, recieved, 0, 352
2, 1457670966.73, 354, 0, sent, 2
2, 1457670966.9, 355, 0, internal
2, 1457670967.06, 356, 0, internal
2, 1457670967.23, 357, 0, internal
2, 1457670967.4, 358, 0, sent, 2
2, 1457670967.56, 359, 0, internal
2, 1457670967.73, 360, 0, internal
2, 1457670967.9, 361, 0, internal
2, 1457670968.06, 362, 0, recieved, 0, 358
2, 1457670968.23, 363, 0, internal
2, 1457670968.4, 364, 0, internal
2, 1457670968.56, 365, 0, internal
