1, 1457861934.11, 2, 0, internal
1, 1457861935.11, 5, 0, recieved, 2, 4
1, 1457861936.11, 6, 0, recieved, 2, 5
1, 1457861937.11, 7, 0, internal
1, 1457861938.11, 12, 0, recieved, 2, 11
1, 1457861939.11, 13, 0, internal
1, 1457861940.11, 14, 0, internal
1, 1457861941.11, 15, 0, sent, 1
1, 1457861942.11, 24, 0, recieved, 2, 23
1, 1457861943.11, 27, 0, recieved, 2, 26
1, 1457861944.11, 28, 0, internal
1, 1457861945.11, 33, 0, recieved, 2, 32
1, 1457861946.11, 36, 0, recieved, 2, 35
1, 1457861947.11, 39, 2, recieved, 2, 38
1, 1457861948.11, 40, 1, recieved, 2, 39
1, 1457861949.11, 41, 1, recieved, 2, 40
1, 1457861950.11, 45, 2, recieved, 2, 44
1, 1457861951.11, 48, 2, recieved, 2, 47
1, 1457861952.11, 49, 2, recieved, 2, 48
1, 1457861953.11, 51, 1, recieved, 2, 50
1, 1457861954.11, 54, 1, recieved, 2, 53
1, 1457861955.11, 61, 0, recieved, 2, 60
1, 1457861956.11, 66, 0, recieved, 2, 65
1, 1457861957.11, 67, 0, internal
1, 1457861958.11, 68, 0, internal
1, 1457861959.11, 75, 0, recieved, 2, 74
1, 1457861960.11, 76, 0, internal
1, 1457861961.11, 77, 0, recieved, 0, 76
1, 1457861962.11, 78, 0, internal
1, 1457861963.11, 88, 0, recieved, 2, 87
1, 1457861964.11, 89, 0, sent, 1
1, 1457861965.11, 90, 0, recieved, 0, 89
1, 1457861966.11, 96, 0, recieved, 2, 95
1, 1457861967.11, 97, 0, internal
1, 1457861968.11, 102, 1, recieved, 2, 101
1, 1457861969.11, 104, 1, recieved, 2, 103
1, 1457861970.11, 106, 0, recieved, 2, 105
1, 1457861971.11, 110, 0, recieved, 0, 109
1, 1457861972.11, 111, 0, sent, 1
1, 1457861973.11, 119, 0, recieved, 2, 118
1, 1457861974.11, 120, 0, internal
1, 1457861975.11, 121, 0, internal
1, 1457861976.11, 122, 0, sent, 2
1, 1457861977.11, 131, 0, recieved, 2, 130
1, 1457861978.11, 132, 0, sent, 1
1, 1457861979.11, 137, 0, recieved, 2, 136
1, 1457861980.11, 138, 0, sent, 3
1, 1457861981.11, 141, 0, recieved, 2, 140
1, 1457861982.11, 145, 0, recieved, 2, 144
1, 1457861983.11, 147, 0, recieved, 2, 146
1, 1457861984.11, 148, 0, internal
1, 1457861985.11, 149, 0, sent, 1
1, 1457861986.11, 156, 0, recieved, 2, 155
1, 1457861987.11, 161, 0, recieved, 2, 160
1, 1457861988.11, 162, 1, recieved, 2, 161
1, 1457861989.11, 163, 1, recieved, 2, 162
1, 1457861990.11, 166, 0, recieved, 2, 165
1, 1457861991.11, 167, 0, internal
1, 1457861992.11, 174, 0, recieved, 2, 173
1, 1457861993.11, 175, 0, internal
