2, 1457861994.3, 2, 0, internal
2, 1457861994.5, 3, 0, internal
2, 1457861994.7, 4, 0, recieved, 1, 3
2, 1457861994.91, 5, 0, internal
2, 1457861995.1, 6, 0, internal
2, 1457861995.3, 7, 0, recieved, 1, 5
2, 1457861995.5, 8, 0, internal
2, 1457861995.7, 9, 0, internal
2, 1457861995.95, 10, 0, internal
2, 1457861996.11, 11, 0, recieved, 0, 10
2, 1457861996.3, 12, 0, recieved, 1, 8
2, 1457861996.5, 13, 0, internal
2, 1457861996.7, 14, 0, recieved, 1, 9
2, 1457861996.9, 15, 0, sent, 2
2, 1457861997.1, 16, 0, sent, 1
2, 1457861997.3, 17, 0, internal
2, 1457861997.5, 18, 0, internal
2, 1457861997.7, 19, 0, internal
2, 1457861997.9, 20, 0, sent, 1
2, 1457861998.1, 21, 0, internal
2, 1457861998.3, 22, 0, sent, 3
2, 1457861998.5, 23, 0, internal
2, 1457861998.7, 24, 0, internal
2, 1457861998.9, 25, 0, sent, 2
2, 1457861999.1, 26, 0, sent, 1
2, 1457861999.3, 27, 0, sent, 2
2, 1457861999.5, 28, 0, internal
2, 1457861999.7, 29, 0, sent, 2
2, 1457861999.9, 30, 0, internal
2, 1457862000.1, 31, 0, internal
2, 1457862000.3, 32, 0, internal
2, 1457862000.5, 33, 0, internal
2, 1457862000.7, 34, 0, internal
2, 1457862000.9, 35, 0, internal
2, 1457862001.1, 36, 0, internal
2, 1457862001.3, 38, 0, recieved, 0, 37
2, 1457862001.5, 39, 0, internal
2, 1457862001.7, 40, 0, internal
2, 1457862001.9, 41, 0, internal
2, 1457862002.1, 42, 0, recieved, 0, 41
2, 1457862002.3, 43, 0, internal
2, 1457862002.5, 44, 0, recieved, 1, 40
2, 1457862002.7, 45, 0, internal
2, 1457862002.9, 46, 0, internal
2, 1457862003.1, 47, 0, internal
2, 1457862003.3, 48, 0, internal
2, 1457862003.5, 49, 0, internal
2, 1457862003.7, 50, 0, recieved, 0, 49
2, 1457862003.9, 51, 0, recieved, 0, 50
2, 1457862004.1, 52, 0, internal
2, 1457862004.31, 53, 0, sent, 1
2, 1457862004.5, 54, 0, internal
2, 1457862004.7, 55, 0, internal
2, 1457862004.9, 56, 0, internal
2, 1457862005.1, 57, 0, sent, 3
2, 1457862005.3, 58, 0, internal
2, 1457862005.5, 59, 0, internal
2, 1457862005.7, 60, 0, internal
2, 1457862005.9, 61, 0, internal
2, 1457862006.1, 62, 0, sent, 2
2, 1457862006.3, 63, 0, internal
2, 1457862006.5, 64, 0, internal
2, 1457862006.7, 65, 0, sent, 2
2, 1457862006.9, 66, 0, sent, 2
2, 1457862007.1, 68, 0, recieved, 0, 67
2, 1457862007.3, 69, 0, internal
2, 1457862007.5, 70, 0, recieved, 0, 69
2, 1457862007.7, 71, 0, internal
2, 1457862007.9, 72, 0, internal
2, 1457862008.1, 73, 0, internal
2, 1457862008.3, 74, 0, sent, 2
2, 1457862008.5, 75, 0, internal
2, 1457862008.7, 76, 0, internal
2, 1457862008.9, 77, 0, sent, 2
2, 1457862009.1, 78, 0, internal
2, 1457862009.3, 79, 0, internal
2, 1457862009.5, 80, 0, internal
2, 1457862009.7, 81, 0, internal
2, 1457862009.9, 82, 0, internal
2, 1457862010.1, 83, 0, internal
2, 1457862010.3, 84, 0, recieved, 0, 83
2, 1457862010.5, 85, 0, internal
2, 1457862010.7, 86, 0, recieved, 0, 85
2, 1457862010.9, 87, 0, sent, 3
2, 1457862011.1, 88, 0, internal
2, 1457862011.3, 89, 0, sent, 2
2, 1457862011.5, 90, 0, internal
2, 1457862011.7, 91, 0, internal
2, 1457862011.9, 93, 0, recieved, 0, 92
2, 1457862012.1, 94, 0, sent, 2
2, 1457862012.3, 95, 0, sent, 1
2, 1457862012.5, 96, 0, internal
2, 1457862012.7, 98, 0, recieved, 0, 97
2, 1457862012.9, 99, 0, recieved, 0, 98
2, 1457862013.1, 100, 0, recieved, 0, 99
2, 1457862013.3, 101, 0, internal
2, 1457862013.5, 102, 0, sent, 2
2, 1457862013.7, 103, 0, internal
2, 1457862013.9, 104, 0, recieved, 0, 103
2, 1457862014.1, 105, 0, sent, 2
2, 1457862014.3, 106, 0, internal
2, 1457862014.5, 107, 0, internal
2, 1457862014.7, 108, 0, internal
2, 1457862014.9, 109, 0, internal
2, 1457862015.1, 110, 0, recieved, 1, 108
2, 1457862015.3, 111, 0, internal
2, 1457862015.5, 112, 0, internal
2, 1457862015.7, 113, 0, internal
2, 1457862015.9, 114, 0, internal
2, 1457862016.1, 115, 0, internal
2, 1457862016.3, 116, 0, internal
2, 1457862016.5, 117, 0, internal
2, 1457862016.7, 118, 0, internal
2, 1457862016.9, 119, 0, internal
2, 1457862017.1, 120, 0, recieved, 0, 119
2, 1457862017.3, 121, 0, internal
2, 1457862017.5, 122, 0, sent, 2
2, 1457862017.7, 123, 0, internal
2, 1457862017.9, 124, 0, internal
2, 1457862018.1, 125, 0, sent, 2
2, 1457862018.3, 126, 0, sent, 1
2, 1457862018.5, 127, 0, sent, 1
2, 1457862018.7, 128, 0, sent, 3
2, 1457862018.9, 129, 0, internal
2, 1457862019.1, 130, 0, sent, 1
2, 1457862019.3, 131, 0, internal
2, 1457862019.5, 132, 0, internal
2, 1457862019.7, 133, 0, sent, 2
2, 1457862019.9, 134, 0, internal
2, 1457862020.1, 135, 0, internal
2, 1457862020.3, 136, 0, internal
2, 1457862020.5, 137, 0, sent, 1
2, 1457862020.7, 138, 0, sent, 3
2, 1457862020.9, 139, 0, internal
2, 1457862021.1, 140, 0, sent, 2
2, 1457862021.3, 141, 0, internal
2, 1457862021.5, 142, 0, internal
2, 1457862021.7, 144, 0, recieved, 0, 143
2, 1457862021.9, 145, 0, sent, 1
2, 1457862022.1, 146, 0, internal
2, 1457862022.3, 147, 0, sent, 1
2, 1457862022.5, 148, 0, sent, 2
2, 1457862022.7, 149, 0, internal
2, 1457862022.9, 150, 0, internal
2, 1457862023.1, 152, 0, recieved, 0, 151
2, 1457862023.3, 153, 0, sent, 2
2, 1457862023.5, 154, 0, internal
2, 1457862023.7, 155, 0, internal
2, 1457862023.9, 156, 0, sent, 2
2, 1457862024.1, 157, 0, internal
2, 1457862024.3, 158, 0, recieved, 0, 157
2, 1457862024.5, 159, 0, sent, 3
2, 1457862024.7, 160, 0, internal
2, 1457862024.9, 161, 0, internal
2, 1457862025.1, 162, 0, internal
2, 1457862025.3, 163, 0, internal
2, 1457862025.5, 164, 0, sent, 1
2, 1457862025.7, 165, 0, sent, 1
2, 1457862025.9, 166, 0, sent, 2
2, 1457862026.1, 168, 0, recieved, 0, 167
2, 1457862026.3, 169, 0, internal
2, 1457862026.5, 170, 0, internal
2, 1457862026.7, 171, 0, recieved, 0, 170
2, 1457862026.9, 172, 0, sent, 1
2, 1457862027.1, 173, 0, internal
2, 1457862027.3, 175, 0, recieved, 0, 174
2, 1457862027.5, 176, 0, recieved, 0, 175
2, 1457862027.7, 177, 0, internal
2, 1457862027.91, 178, 0, sent, 2
2, 1457862028.1, 179, 0, internal
2, 1457862028.3, 180, 0, internal
2, 1457862028.5, 181, 0, internal
2, 1457862028.7, 182, 0, recieved, 1, 181
2, 1457862028.9, 183, 0, internal
2, 1457862029.1, 184, 0, sent, 1
2, 1457862029.3, 185, 0, recieved, 1, 183
2, 1457862029.5, 186, 0, internal
2, 1457862029.7, 187, 0, internal
2, 1457862029.91, 188, 0, sent, 3
2, 1457862030.1, 189, 0, sent, 2
2, 1457862030.3, 190, 0, internal
2, 1457862030.5, 191, 0, sent, 3
2, 1457862030.7, 192, 0, internal
2, 1457862030.9, 193, 0, internal
2, 1457862031.1, 194, 0, internal
2, 1457862031.3, 196, 0, recieved, 0, 195
2, 1457862031.5, 197, 0, recieved, 0, 196
2, 1457862031.7, 198, 0, internal
2, 1457862031.9, 199, 0, internal
2, 1457862032.1, 200, 0, recieved, 0, 199
2, 1457862032.3, 201, 0, internal
2, 1457862032.5, 202, 0, internal
2, 1457862032.7, 203, 0, recieved, 0, 202
2, 1457862032.9, 204, 0, internal
2, 1457862033.1, 205, 0, recieved, 0, 204
2, 1457862033.3, 206, 0, internal
2, 1457862033.5, 207, 0, internal
2, 1457862033.7, 208, 0, internal
2, 1457862033.9, 209, 0, internal
2, 1457862034.1, 210, 0, internal
2, 1457862034.3, 211, 0, recieved, 0, 210
2, 1457862034.5, 212, 0, internal
2, 1457862034.7, 213, 0, internal
2, 1457862034.9, 214, 0, sent, 3
2, 1457862035.1, 215, 0, internal
2, 1457862035.3, 216, 0, internal
2, 1457862035.5, 217, 0, internal
2, 1457862035.7, 218, 0, internal
2, 1457862035.9, 219, 0, internal
2, 1457862036.1, 220, 0, sent, 1
2, 1457862036.3, 221, 0, internal
2, 1457862036.5, 222, 0, internal
2, 1457862036.7, 223, 0, internal
2, 1457862036.9, 224, 0, internal
2, 1457862037.1, 225, 0, sent, 1
2, 1457862037.3, 226, 0, internal
2, 1457862037.5, 227, 0, sent, 1
2, 1457862037.7, 228, 0, internal
2, 1457862037.9, 229, 0, internal
2, 1457862038.1, 230, 0, internal
2, 1457862038.3, 231, 0, internal
2, 1457862038.5, 233, 0, recieved, 0, 232
2, 1457862038.7, 234, 0, sent, 3
2, 1457862038.9, 235, 0, internal
2, 1457862039.1, 236, 0, internal
2, 1457862039.3, 237, 0, internal
2, 1457862039.5, 238, 0, internal
2, 1457862039.7, 239, 0, internal
2, 1457862039.9, 240, 0, internal
2, 1457862040.1, 241, 0, sent, 1
2, 1457862040.3, 242, 0, sent, 2
2, 1457862040.5, 243, 0, internal
2, 1457862040.7, 245, 0, recieved, 0, 244
2, 1457862040.9, 246, 0, recieved, 0, 245
2, 1457862041.1, 247, 0, sent, 1
2, 1457862041.3, 248, 0, internal
2, 1457862041.5, 250, 0, recieved, 0, 249
2, 1457862041.7, 251, 0, recieved, 0, 250
2, 1457862041.9, 252, 0, recieved, 0, 251
2, 1457862042.1, 253, 0, internal
2, 1457862042.3, 254, 0, internal
2, 1457862042.5, 255, 0, internal
2, 1457862042.7, 256, 0, internal
2, 1457862042.9, 257, 0, internal
2, 1457862043.1, 258, 0, internal
2, 1457862043.3, 259, 0, internal
2, 1457862043.5, 260, 0, internal
2, 1457862043.7, 261, 0, internal
2, 1457862043.9, 262, 0, sent, 2
2, 1457862044.1, 263, 0, internal
2, 1457862044.3, 264, 0, internal
2, 1457862044.5, 265, 0, sent, 2
2, 1457862044.7, 266, 0, sent, 1
2, 1457862044.9, 267, 0, sent, 2
2, 1457862045.1, 268, 0, internal
2, 1457862045.3, 270, 0, recieved, 1, 269
2, 1457862045.5, 271, 0, sent, 3
2, 1457862045.7, 272, 0, internal
2, 1457862045.9, 273, 0, internal
2, 1457862046.1, 275, 0, recieved, 0, 274
2, 1457862046.3, 276, 0, recieved, 0, 275
2, 1457862046.5, 277, 0, recieved, 0, 276
2, 1457862046.7, 278, 0, sent, 2
2, 1457862046.9, 279, 0, recieved, 0, 278
2, 1457862047.1, 280, 0, internal
2, 1457862047.3, 281, 0, recieved, 0, 280
2, 1457862047.5, 282, 0, sent, 3
2, 1457862047.7, 283, 0, sent, 1
2, 1457862047.9, 284, 0, internal
2, 1457862048.1, 285, 1, recieved, 1, 284
2, 1457862048.3, 286, 1, recieved, 0, 285
2, 1457862048.5, 287, 0, recieved, 0, 286
2, 1457862048.7, 288, 0, internal
2, 1457862048.9, 289, 0, internal
2, 1457862049.1, 290, 0, recieved, 1, 287
2, 1457862049.3, 291, 0, internal
2, 1457862049.5, 292, 0, sent, 2
2, 1457862049.7, 293, 0, internal
2, 1457862049.9, 294, 0, internal
2, 1457862050.1, 295, 0, internal
2, 1457862050.3, 296, 0, recieved, 1, 295
2, 1457862050.5, 298, 0, recieved, 0, 297
2, 1457862050.7, 299, 0, internal
2, 1457862050.9, 300, 0, recieved, 0, 299
2, 1457862051.1, 301, 0, recieved, 1, 299
2, 1457862051.3, 302, 0, internal
2, 1457862051.5, 303, 0, recieved, 0, 302
2, 1457862051.7, 304, 0, sent, 2
2, 1457862051.9, 305, 0, recieved, 0, 304
2, 1457862052.1, 306, 0, recieved, 0, 305
2, 1457862052.3, 307, 0, recieved, 0, 306
2, 1457862052.5, 308, 0, sent, 1
2, 1457862052.7, 309, 0, internal
2, 1457862052.9, 310, 0, internal
2, 1457862053.1, 311, 0, internal
2, 1457862053.3, 312, 0, sent, 2
2, 1457862053.5, 313, 0, sent, 3
2, 1457862053.7, 314, 0, sent, 3
2, 1457862053.9, 315, 0, internal
2, 1457862054.1, 316, 0, internal
