2, 1457671270.56, 2, 0, internal
2, 1457671271.56, 4, 1, recieved, 0, 3
2, 1457671272.56, 6, 1, recieved, 0, 5
2, 1457671273.56, 8, 2, recieved, 0, 7
2, 1457671274.56, 10, 2, recieved, 1, 9
2, 1457671275.56, 11, 1, recieved, 1, 10
2, 1457671276.56, 13, 2, recieved, 0, 12
2, 1457671277.56, 20, 2, recieved, 0, 19
2, 1457671278.56, 21, 1, recieved, 0, 20
2, 1457671279.56, 23, 1, recieved, 0, 22
2, 1457671280.56, 29, 1, recieved, 1, 28
2, 1457671281.56, 33, 1, recieved, 1, 32
2, 1457671282.56, 34, 1, recieved, 0, 33
2, 1457671283.56, 38, 1, recieved, 1, 37
2, 1457671284.56, 42, 2, recieved, 0, 41
2, 1457671285.56, 45, 2, recieved, 0, 44
2, 1457671286.56, 46, 2, recieved, 1, 45
2, 1457671287.56, 48, 1, recieved, 1, 47
2, 1457671288.56, 52, 2, recieved, 0, 51
2, 1457671289.56, 57, 3, recieved, 0, 56
2, 1457671290.56, 58, 4, recieved, 1, 57
2, 1457671291.56, 59, 5, recieved, 1, 58
2, 1457671292.56, 60, 6, recieved, 0, 59
2, 1457671293.56, 64, 6, recieved, 0, 63
2, 1457671294.56, 65, 5, recieved, 1, 64
2, 1457671295.56, 66, 5, recieved, 0, 65
2, 1457671296.56, 67, 4, recieved, 1, 66
2, 1457671297.56, 69, 3, recieved, 1, 68
2, 1457671298.56, 70, 2, recieved, 0, 68
2, 1457671299.56, 74, 1, recieved, 1, 73
2, 1457671300.56, 79, 2, recieved, 0, 78
2, 1457671301.56, 94, 2, recieved, 0, 93
2, 1457671302.56, 95, 3, recieved, 0, 94
2, 1457671303.56, 96, 2, recieved, 0, 95
2, 1457671304.56, 99, 3, recieved, 0, 98
2, 1457671305.56, 100, 3, recieved, 0, 99
2, 1457671306.56, 106, 3, recieved, 1, 105
2, 1457671307.56, 108, 5, recieved, 1, 107
2, 1457671308.56, 111, 6, recieved, 1, 110
2, 1457671309.56, 113, 6, recieved, 1, 112
2, 1457671310.56, 115, 5, recieved, 0, 114
2, 1457671311.56, 116, 5, recieved, 0, 115
2, 1457671312.56, 117, 4, recieved, 1, 116
2, 1457671313.56, 119, 4, recieved, 1, 118
2, 1457671314.56, 120, 3, recieved, 1, 119
2, 1457671315.56, 123, 4, recieved, 1, 122
2, 1457671316.56, 127, 3, recieved, 1, 126
2, 1457671317.56, 134, 5, recieved, 0, 133
2, 1457671318.56, 139, 5, recieved, 0, 138
2, 1457671319.56, 141, 4, recieved, 1, 140
2, 1457671320.56, 145, 4, recieved, 1, 144
2, 1457671321.56, 146, 6, recieved, 1, 145
2, 1457671322.56, 147, 6, recieved, 1, 146
2, 1457671323.56, 150, 6, recieved, 1, 149
2, 1457671324.56, 154, 6, recieved, 0, 153
2, 1457671325.56, 157, 5, recieved, 0, 156
2, 1457671326.56, 158, 5, recieved, 1, 156
2, 1457671327.56, 159, 5, recieved, 0, 158
2, 1457671328.56, 161, 4, recieved, 0, 160
2, 1457671329.56, 163, 7, recieved, 1, 162
