0, 1457671330.86, 2, 0, internal
0, 1457671331.03, 3, 1, recieved, 1, 2
0, 1457671331.2, 4, 0, recieved, 1, 3
0, 1457671331.36, 6, 0, recieved, 2, 5
0, 1457671331.53, 7, 0, sent, 2
0, 1457671331.7, 8, 0, internal
0, 1457671331.86, 9, 0, internal
0, 1457671332.03, 11, 0, recieved, 1, 10
0, 1457671332.2, 12, 0, internal
0, 1457671332.36, 13, 0, sent, 1
0, 1457671332.53, 14, 0, internal
0, 1457671332.7, 15, 0, internal
0, 1457671332.86, 16, 0, internal
0, 1457671333.03, 17, 0, internal
0, 1457671333.2, 18, 0, sent, 3
0, 1457671333.36, 19, 0, internal
0, 1457671333.53, 23, 0, recieved, 1, 22
0, 1457671333.7, 24, 0, sent, 1
0, 1457671333.86, 25, 0, sent, 2
0, 1457671334.03, 26, 0, sent, 1
0, 1457671334.2, 28, 0, recieved, 2, 27
0, 1457671334.36, 29, 0, recieved, 2, 28
0, 1457671334.53, 31, 0, recieved, 1, 30
0, 1457671334.7, 32, 0, sent, 2
0, 1457671334.86, 33, 0, internal
0, 1457671335.03, 34, 0, sent, 1
0, 1457671335.2, 35, 0, sent, 3
0, 1457671335.36, 36, 0, internal
0, 1457671335.53, 37, 0, internal
0, 1457671335.7, 38, 0, internal
0, 1457671335.86, 39, 0, internal
0, 1457671336.03, 40, 0, internal
0, 1457671336.2, 45, 0, recieved, 1, 44
0, 1457671336.36, 46, 0, recieved, 1, 45
0, 1457671336.53, 47, 1, recieved, 2, 46
0, 1457671336.7, 48, 1, recieved, 1, 47
0, 1457671336.86, 49, 1, recieved, 1, 48
0, 1457671337.03, 50, 0, recieved, 1, 49
0, 1457671337.2, 53, 0, recieved, 1, 52
0, 1457671337.36, 54, 0, sent, 1
0, 1457671337.53, 55, 0, recieved, 2, 54
0, 1457671337.7, 58, 0, recieved, 1, 57
0, 1457671337.86, 59, 0, internal
0, 1457671338.03, 60, 0, internal
0, 1457671338.2, 61, 0, sent, 1
0, 1457671338.36, 62, 0, sent, 2
0, 1457671338.53, 65, 0, recieved, 1, 64
0, 1457671338.7, 66, 0, recieved, 1, 65
0, 1457671338.86, 67, 0, sent, 2
0, 1457671339.03, 68, 0, internal
0, 1457671339.2, 69, 0, sent, 1
0, 1457671339.36, 70, 0, sent, 3
0, 1457671339.53, 71, 0, internal
0, 1457671339.7, 72, 0, sent, 3
0, 1457671339.86, 73, 0, sent, 3
0, 1457671340.03, 74, 0, internal
0, 1457671340.2, 75, 0, internal
0, 1457671340.36, 76, 0, internal
0, 1457671340.53, 80, 0, recieved, 1, 79
0, 1457671340.7, 81, 0, sent, 2
0, 1457671340.86, 82, 0, internal
0, 1457671341.03, 83, 0, internal
0, 1457671341.2, 84, 0, internal
0, 1457671341.36, 85, 0, sent, 2
0, 1457671341.53, 86, 0, sent, 3
0, 1457671341.7, 87, 0, internal
0, 1457671341.86, 91, 0, recieved, 1, 90
0, 1457671342.03, 92, 0, sent, 1
0, 1457671342.2, 93, 0, sent, 2
0, 1457671342.36, 94, 0, internal
0, 1457671342.53, 96, 1, recieved, 1, 95
0, 1457671342.7, 97, 0, recieved, 1, 96
0, 1457671342.86, 98, 0, internal
0, 1457671343.03, 99, 0, internal
0, 1457671343.2, 100, 1, recieved, 2, 99
0, 1457671343.36, 102, 0, recieved, 1, 101
0, 1457671343.53, 103, 0, sent, 3
0, 1457671343.7, 104, 0, internal
0, 1457671343.86, 105, 0, internal
0, 1457671344.03, 106, 0, recieved, 2, 105
0, 1457671344.2, 107, 0, sent, 3
0, 1457671344.36, 108, 0, internal
0, 1457671344.53, 112, 0, recieved, 1, 111
0, 1457671344.7, 113, 0, internal
0, 1457671344.86, 114, 0, internal
0, 1457671345.03, 115, 0, internal
0, 1457671345.2, 117, 0, recieved, 2, 116
0, 1457671345.36, 119, 0, recieved, 1, 118
0, 1457671345.53, 120, 0, sent, 3
0, 1457671345.7, 121, 0, sent, 2
0, 1457671345.86, 123, 0, recieved, 1, 122
0, 1457671346.03, 124, 0, internal
0, 1457671346.2, 125, 0, internal
0, 1457671346.36, 126, 0, recieved, 2, 124
0, 1457671346.53, 127, 1, recieved, 2, 125
0, 1457671346.7, 129, 0, recieved, 1, 128
0, 1457671346.86, 130, 0, sent, 2
0, 1457671347.03, 131, 0, internal
0, 1457671347.2, 132, 0, sent, 3
0, 1457671347.36, 133, 0, sent, 1
0, 1457671347.53, 135, 0, recieved, 2, 134
0, 1457671347.7, 136, 0, internal
0, 1457671347.86, 139, 0, recieved, 1, 138
0, 1457671348.03, 140, 0, internal
0, 1457671348.2, 141, 0, internal
0, 1457671348.36, 143, 0, recieved, 1, 142
0, 1457671348.53, 144, 0, internal
0, 1457671348.7, 145, 0, internal
0, 1457671348.86, 146, 0, internal
0, 1457671349.03, 147, 0, internal
0, 1457671349.2, 148, 0, internal
0, 1457671349.36, 149, 0, internal
0, 1457671349.53, 150, 0, internal
0, 1457671349.7, 151, 0, internal
0, 1457671349.86, 155, 0, recieved, 1, 154
0, 1457671350.03, 156, 0, sent, 3
0, 1457671350.2, 157, 0, sent, 2
0, 1457671350.36, 159, 0, recieved, 1, 158
0, 1457671350.53, 160, 0, internal
0, 1457671350.7, 161, 0, internal
0, 1457671350.86, 162, 0, internal
0, 1457671351.03, 163, 0, internal
0, 1457671351.2, 164, 0, recieved, 2, 162
0, 1457671351.36, 165, 0, sent, 2
0, 1457671351.53, 166, 0, sent, 1
0, 1457671351.7, 167, 0, internal
0, 1457671351.86, 171, 0, recieved, 1, 170
0, 1457671352.03, 172, 1, recieved, 1, 171
0, 1457671352.2, 173, 0, recieved, 2, 170
0, 1457671352.36, 174, 0, internal
0, 1457671352.53, 175, 0, internal
0, 1457671352.7, 176, 0, internal
0, 1457671352.86, 177, 0, internal
0, 1457671353.03, 178, 0, sent, 1
0, 1457671353.2, 179, 0, sent, 1
0, 1457671353.36, 180, 0, internal
0, 1457671353.53, 181, 0, internal
0, 1457671353.7, 186, 0, recieved, 1, 185
0, 1457671353.86, 187, 0, sent, 2
0, 1457671354.03, 188, 0, internal
0, 1457671354.2, 189, 0, sent, 2
0, 1457671354.36, 190, 0, internal
0, 1457671354.53, 191, 0, sent, 3
0, 1457671354.7, 192, 0, internal
0, 1457671354.86, 193, 0, sent, 3
0, 1457671355.03, 194, 0, sent, 2
0, 1457671355.2, 195, 0, sent, 2
0, 1457671355.36, 196, 0, sent, 3
0, 1457671355.53, 197, 0, internal
0, 1457671355.7, 198, 0, internal
0, 1457671355.86, 203, 0, recieved, 1, 202
0, 1457671356.03, 204, 0, sent, 2
0, 1457671356.2, 205, 0, internal
0, 1457671356.36, 206, 0, internal
0, 1457671356.53, 208, 0, recieved, 1, 207
0, 1457671356.7, 209, 0, sent, 3
0, 1457671356.86, 210, 0, sent, 1
0, 1457671357.03, 211, 0, internal
0, 1457671357.2, 214, 0, recieved, 1, 213
0, 1457671357.36, 215, 0, internal
0, 1457671357.53, 216, 0, sent, 3
0, 1457671357.7, 217, 0, internal
0, 1457671357.86, 218, 0, sent, 3
0, 1457671358.03, 219, 0, internal
0, 1457671358.2, 220, 0, internal
0, 1457671358.36, 221, 0, internal
0, 1457671358.53, 222, 0, internal
0, 1457671358.7, 226, 0, recieved, 1, 225
0, 1457671358.86, 227, 0, recieved, 1, 226
0, 1457671359.03, 229, 0, recieved, 1, 228
0, 1457671359.2, 230, 0, internal
0, 1457671359.36, 231, 0, recieved, 2, 230
0, 1457671359.53, 232, 0, internal
0, 1457671359.7, 234, 0, recieved, 1, 233
0, 1457671359.86, 235, 0, sent, 1
0, 1457671360.03, 236, 0, sent, 1
0, 1457671360.2, 237, 0, internal
0, 1457671360.36, 238, 0, internal
0, 1457671360.53, 239, 0, sent, 2
0, 1457671360.7, 242, 0, recieved, 1, 241
0, 1457671360.86, 243, 0, internal
0, 1457671361.03, 244, 0, internal
0, 1457671361.2, 245, 0, internal
0, 1457671361.36, 247, 1, recieved, 1, 246
0, 1457671361.53, 248, 1, recieved, 2, 243
0, 1457671361.7, 249, 2, recieved, 2, 244
0, 1457671361.86, 250, 1, recieved, 1, 249
0, 1457671362.03, 251, 0, recieved, 2, 245
0, 1457671362.2, 252, 0, internal
0, 1457671362.36, 253, 0, recieved, 2, 248
0, 1457671362.53, 257, 0, recieved, 1, 256
0, 1457671362.7, 258, 0, internal
0, 1457671362.86, 259, 0, internal
0, 1457671363.03, 260, 1, recieved, 2, 251
0, 1457671363.2, 261, 0, recieved, 1, 260
0, 1457671363.36, 263, 0, recieved, 1, 262
0, 1457671363.53, 264, 0, sent, 3
0, 1457671363.7, 265, 0, sent, 3
0, 1457671363.86, 266, 0, sent, 3
0, 1457671364.03, 267, 0, internal
0, 1457671364.2, 268, 0, internal
0, 1457671364.36, 269, 0, recieved, 2, 268
0, 1457671364.53, 270, 0, internal
0, 1457671364.7, 271, 0, sent, 3
0, 1457671364.86, 272, 0, internal
0, 1457671365.03, 273, 0, internal
0, 1457671365.2, 274, 0, internal
0, 1457671365.36, 275, 0, internal
0, 1457671365.53, 276, 0, internal
0, 1457671365.7, 277, 0, internal
0, 1457671365.86, 278, 0, internal
0, 1457671366.03, 284, 0, recieved, 1, 283
0, 1457671366.2, 285, 0, internal
0, 1457671366.36, 286, 0, internal
0, 1457671366.53, 287, 0, internal
0, 1457671366.7, 290, 0, recieved, 1, 289
0, 1457671366.86, 291, 0, internal
0, 1457671367.03, 292, 0, sent, 2
0, 1457671367.2, 294, 0, recieved, 1, 293
0, 1457671367.36, 295, 1, recieved, 1, 294
0, 1457671367.53, 296, 0, recieved, 2, 294
0, 1457671367.7, 297, 0, internal
0, 1457671367.86, 298, 0, internal
0, 1457671368.03, 299, 0, internal
0, 1457671368.2, 300, 0, recieved, 2, 298
0, 1457671368.36, 301, 0, recieved, 2, 299
0, 1457671368.53, 302, 0, sent, 1
0, 1457671368.7, 303, 0, internal
0, 1457671368.86, 304, 0, internal
0, 1457671369.03, 309, 0, recieved, 1, 308
0, 1457671369.2, 310, 0, sent, 3
0, 1457671369.36, 311, 0, sent, 2
0, 1457671369.53, 314, 0, recieved, 1, 313
0, 1457671369.7, 315, 0, sent, 3
0, 1457671369.86, 316, 0, sent, 3
0, 1457671370.03, 317, 0, internal
0, 1457671370.2, 318, 0, internal
0, 1457671370.36, 319, 0, internal
0, 1457671370.53, 322, 0, recieved, 1, 321
0, 1457671370.7, 323, 0, internal
0, 1457671370.86, 324, 0, sent, 3
0, 1457671371.03, 325, 0, sent, 2
0, 1457671371.2, 326, 0, internal
0, 1457671371.36, 327, 0, internal
0, 1457671371.53, 328, 0, internal
0, 1457671371.7, 329, 0, internal
0, 1457671371.86, 333, 0, recieved, 1, 332
0, 1457671372.03, 334, 0, recieved, 1, 333
0, 1457671372.2, 335, 0, sent, 2
0, 1457671372.36, 336, 0, internal
0, 1457671372.53, 338, 0, recieved, 2, 337
0, 1457671372.7, 340, 0, recieved, 1, 339
0, 1457671372.86, 341, 0, internal
0, 1457671373.03, 343, 0, recieved, 1, 342
0, 1457671373.2, 344, 0, internal
0, 1457671373.36, 345, 0, sent, 1
0, 1457671373.53, 346, 0, sent, 3
0, 1457671373.7, 347, 0, internal
0, 1457671373.86, 348, 0, internal
0, 1457671374.03, 349, 0, internal
0, 1457671374.2, 353, 0, recieved, 1, 352
0, 1457671374.36, 354, 0, sent, 3
0, 1457671374.53, 355, 0, recieved, 1, 354
0, 1457671374.7, 356, 0, internal
0, 1457671374.86, 357, 0, sent, 3
0, 1457671375.03, 358, 0, internal
0, 1457671375.2, 359, 0, internal
0, 1457671375.36, 360, 0, sent, 2
0, 1457671375.53, 364, 0, recieved, 1, 363
0, 1457671375.7, 365, 0, internal
0, 1457671375.86, 366, 0, sent, 1
0, 1457671376.03, 367, 0, sent, 1
0, 1457671376.2, 368, 0, sent, 2
0, 1457671376.36, 369, 0, internal
0, 1457671376.53, 373, 0, recieved, 1, 372
0, 1457671376.7, 374, 0, sent, 1
0, 1457671376.86, 375, 0, internal
0, 1457671377.03, 376, 0, internal
0, 1457671377.2, 377, 0, recieved, 2, 375
0, 1457671377.36, 378, 0, sent, 3
0, 1457671377.53, 379, 0, internal
0, 1457671377.7, 380, 0, internal
0, 1457671377.86, 381, 0, internal
0, 1457671378.03, 382, 0, sent, 3
0, 1457671378.2, 383, 0, internal
0, 1457671378.36, 384, 0, internal
0, 1457671378.53, 385, 0, internal
0, 1457671378.7, 386, 0, sent, 3
0, 1457671378.86, 387, 0, internal
0, 1457671379.03, 388, 0, sent, 3
0, 1457671379.2, 389, 0, sent, 3
0, 1457671379.36, 390, 0, internal
0, 1457671379.53, 398, 0, recieved, 1, 397
0, 1457671379.7, 399, 0, recieved, 1, 398
0, 1457671379.86, 400, 0, recieved, 1, 399
0, 1457671380.03, 401, 0, internal
0, 1457671380.2, 402, 0, internal
0, 1457671380.36, 403, 0, recieved, 2, 402
0, 1457671380.53, 406, 0, recieved, 1, 405
0, 1457671380.7, 407, 0, sent, 3
0, 1457671380.86, 408, 0, sent, 2
0, 1457671381.03, 411, 0, recieved, 1, 410
0, 1457671381.2, 412, 0, recieved, 1, 411
0, 1457671381.36, 413, 0, internal
0, 1457671381.53, 414, 0, internal
0, 1457671381.7, 416, 1, recieved, 1, 415
0, 1457671381.86, 417, 0, recieved, 2, 415
0, 1457671382.03, 418, 0, internal
0, 1457671382.2, 420, 0, recieved, 2, 419
0, 1457671382.36, 421, 0, internal
0, 1457671382.53, 422, 0, internal
0, 1457671382.7, 423, 0, sent, 2
0, 1457671382.86, 424, 0, sent, 1
0, 1457671383.03, 425, 0, internal
0, 1457671383.2, 426, 0, sent, 2
0, 1457671383.36, 427, 0, internal
0, 1457671383.53, 431, 0, recieved, 1, 430
0, 1457671383.7, 433, 0, recieved, 2, 432
0, 1457671383.86, 434, 0, internal
0, 1457671384.03, 435, 0, sent, 2
0, 1457671384.2, 436, 0, internal
0, 1457671384.36, 437, 0, internal
0, 1457671384.53, 439, 0, recieved, 1, 438
0, 1457671384.7, 440, 0, sent, 3
0, 1457671384.86, 441, 0, internal
0, 1457671385.03, 442, 0, sent, 2
0, 1457671385.2, 443, 0, internal
0, 1457671385.36, 444, 0, sent, 2
0, 1457671385.53, 445, 0, internal
0, 1457671385.7, 446, 0, internal
0, 1457671385.86, 447, 0, internal
0, 1457671386.03, 448, 0, internal
0, 1457671386.2, 449, 0, sent, 2
0, 1457671386.36, 450, 0, internal
0, 1457671386.53, 451, 0, internal
0, 1457671386.7, 452, 0, sent, 1
0, 1457671386.86, 453, 0, internal
0, 1457671387.03, 457, 0, recieved, 2, 456
0, 1457671387.2, 458, 0, internal
0, 1457671387.36, 459, 0, recieved, 2, 458
0, 1457671387.53, 463, 1, recieved, 1, 462
0, 1457671387.7, 464, 1, recieved, 1, 463
0, 1457671387.86, 465, 0, recieved, 1, 464
0, 1457671388.03, 466, 0, internal
0, 1457671388.2, 467, 0, internal
0, 1457671388.36, 468, 0, internal
0, 1457671388.53, 469, 0, recieved, 2, 468
0, 1457671388.7, 470, 0, recieved, 2, 469
0, 1457671388.86, 471, 0, sent, 3
0, 1457671389.03, 472, 0, sent, 2
0, 1457671389.2, 473, 0, sent, 2
0, 1457671389.36, 474, 0, sent, 3
0, 1457671389.53, 475, 0, internal
0, 1457671389.7, 476, 0, sent, 2
0, 1457671389.86, 477, 0, internal
0, 1457671390.03, 483, 0, recieved, 1, 482
0, 1457671390.2, 484, 0, sent, 2
0, 1457671390.36, 485, 0, internal
0, 1457671390.53, 487, 0, recieved, 1, 486
0, 1457671390.7, 489, 0, recieved, 1, 488
