1, 1457670908.73, 2, 0, sent, 3
1, 1457670908.93, 3, 0, internal
1, 1457670909.13, 4, 0, sent, 1
1, 1457670909.33, 5, 0, internal
1, 1457670909.53, 6, 0, internal
1, 1457670909.73, 7, 0, internal
1, 1457670909.93, 9, 1, recieved, 2, 8
1, 1457670910.13, 10, 0, recieved, 0, 7
1, 1457670910.33, 11, 0, sent, 3
1, 1457670910.53, 12, 0, internal
1, 1457670910.73, 13, 0, sent, 3
1, 1457670910.93, 14, 0, sent, 3
1, 1457670911.13, 15, 0, internal
1, 1457670911.33, 16, 0, internal
1, 1457670911.53, 17, 0, internal
1, 1457670911.73, 18, 0, sent, 2
1, 1457670911.93, 19, 0, sent, 1
1, 1457670912.13, 20, 0, sent, 1
1, 1457670912.33, 21, 0, internal
1, 1457670912.53, 22, 0, internal
1, 1457670912.73, 23, 0, sent, 1
1, 1457670912.93, 24, 0, sent, 3
1, 1457670913.13, 25, 0, internal
1, 1457670913.33, 26, 0, internal
1, 1457670913.53, 27, 0, internal
1, 1457670913.73, 28, 0, internal
1, 1457670913.93, 33, 1, recieved, 2, 32
1, 1457670914.13, 34, 0, recieved, 2, 33
1, 1457670914.33, 36, 1, recieved, 2, 35
1, 1457670914.53, 37, 0, recieved, 0, 34
1, 1457670914.73, 38, 0, sent, 3
1, 1457670914.93, 39, 0, recieved, 2, 38
1, 1457670915.13, 40, 0, internal
1, 1457670915.33, 41, 0, sent, 3
1, 1457670915.53, 42, 0, internal
1, 1457670915.73, 43, 0, sent, 2
1, 1457670915.93, 44, 0, sent, 1
1, 1457670916.13, 47, 0, recieved, 2, 46
1, 1457670916.33, 48, 0, recieved, 0, 46
1, 1457670916.53, 49, 0, internal
1, 1457670916.73, 50, 0, internal
1, 1457670916.93, 51, 0, sent, 1
1, 1457670917.13, 52, 0, sent, 2
1, 1457670917.33, 53, 0, internal
1, 1457670917.53, 54, 0, internal
1, 1457670917.73, 55, 0, internal
1, 1457670917.93, 56, 0, internal
1, 1457670918.13, 59, 0, recieved, 2, 58
1, 1457670918.33, 60, 0, internal
1, 1457670918.53, 61, 0, recieved, 0, 58
1, 1457670918.73, 62, 0, sent, 1
1, 1457670918.93, 64, 0, recieved, 2, 63
1, 1457670919.13, 65, 0, internal
1, 1457670919.33, 66, 0, recieved, 2, 65
1, 1457670919.53, 67, 0, internal
1, 1457670919.73, 68, 0, internal
1, 1457670919.93, 69, 0, recieved, 2, 68
1, 1457670920.13, 70, 0, internal
1, 1457670920.33, 71, 0, recieved, 0, 69
1, 1457670920.53, 72, 0, sent, 1
1, 1457670920.73, 73, 0, internal
1, 1457670920.93, 74, 0, internal
1, 1457670921.13, 75, 0, sent, 1
1, 1457670921.33, 78, 0, recieved, 2, 77
1, 1457670921.53, 79, 0, internal
1, 1457670921.73, 80, 0, internal
1, 1457670921.93, 81, 0, internal
1, 1457670922.13, 83, 0, recieved, 2, 82
1, 1457670922.33, 84, 0, recieved, 2, 83
1, 1457670922.53, 85, 0, sent, 2
1, 1457670922.73, 86, 0, internal
1, 1457670922.93, 88, 0, recieved, 2, 87
1, 1457670923.13, 89, 0, sent, 1
1, 1457670923.33, 90, 0, internal
1, 1457670923.53, 92, 1, recieved, 2, 91
1, 1457670923.73, 93, 0, recieved, 0, 91
1, 1457670923.93, 94, 0, internal
1, 1457670924.13, 95, 0, internal
1, 1457670924.33, 97, 0, recieved, 2, 96
1, 1457670924.53, 98, 0, sent, 3
1, 1457670924.73, 99, 0, sent, 3
1, 1457670924.93, 100, 0, internal
1, 1457670925.13, 101, 0, sent, 3
1, 1457670925.33, 102, 0, internal
1, 1457670925.53, 103, 0, internal
1, 1457670925.73, 104, 0, internal
1, 1457670925.93, 108, 0, recieved, 2, 107
1, 1457670926.13, 109, 0, internal
1, 1457670926.33, 110, 0, sent, 2
1, 1457670926.53, 111, 0, internal
1, 1457670926.73, 112, 0, internal
1, 1457670926.93, 113, 0, sent, 2
1, 1457670927.13, 114, 0, internal
1, 1457670927.33, 116, 0, recieved, 2, 115
1, 1457670927.53, 117, 0, sent, 2
1, 1457670927.73, 118, 0, internal
1, 1457670927.93, 119, 0, recieved, 0, 117
1, 1457670928.13, 120, 0, internal
1, 1457670928.33, 121, 0, internal
1, 1457670928.53, 122, 0, internal
1, 1457670928.73, 123, 0, internal
1, 1457670928.93, 127, 0, recieved, 2, 126
1, 1457670929.13, 128, 0, internal
1, 1457670929.33, 129, 0, recieved, 2, 128
1, 1457670929.53, 130, 0, internal
1, 1457670929.73, 131, 0, internal
1, 1457670929.93, 132, 1, recieved, 0, 130
1, 1457670930.13, 133, 0, recieved, 2, 132
1, 1457670930.33, 134, 0, internal
1, 1457670930.53, 135, 0, internal
1, 1457670930.73, 136, 0, internal
1, 1457670930.93, 137, 0, sent, 2
1, 1457670931.13, 138, 0, sent, 2
1, 1457670931.33, 139, 0, internal
1, 1457670931.53, 140, 0, sent, 1
1, 1457670931.73, 141, 0, internal
1, 1457670931.93, 142, 0, internal
1, 1457670932.13, 143, 0, internal
1, 1457670932.33, 147, 0, recieved, 0, 146
1, 1457670932.53, 148, 0, internal
1, 1457670932.73, 149, 0, recieved, 2, 148
1, 1457670932.93, 150, 0, internal
1, 1457670933.13, 151, 0, recieved, 0, 150
1, 1457670933.33, 152, 0, sent, 2
1, 1457670933.53, 153, 0, sent, 3
1, 1457670933.73, 154, 0, internal
1, 1457670933.93, 155, 0, internal
1, 1457670934.13, 156, 0, internal
1, 1457670934.33, 157, 0, recieved, 0, 156
1, 1457670934.53, 158, 0, recieved, 0, 157
1, 1457670934.73, 159, 0, internal
1, 1457670934.93, 162, 0, recieved, 2, 161
1, 1457670935.13, 163, 0, sent, 3
1, 1457670935.33, 164, 0, internal
1, 1457670935.53, 165, 0, internal
1, 1457670935.73, 167, 0, recieved, 2, 166
1, 1457670935.93, 168, 0, recieved, 2, 167
1, 1457670936.13, 169, 0, sent, 2
1, 1457670936.33, 170, 0, sent, 1
1, 1457670936.53, 172, 0, recieved, 2, 171
1, 1457670936.73, 173, 0, internal
1, 1457670936.93, 175, 0, recieved, 2, 174
1, 1457670937.13, 176, 0, internal
1, 1457670937.33, 177, 0, recieved, 0, 176
1, 1457670937.53, 178, 0, sent, 1
1, 1457670937.73, 179, 0, sent, 1
1, 1457670937.93, 180, 0, sent, 2
1, 1457670938.13, 181, 0, sent, 2
1, 1457670938.33, 182, 0, internal
1, 1457670938.53, 183, 0, recieved, 0, 182
1, 1457670938.73, 184, 0, internal
1, 1457670938.93, 186, 0, recieved, 2, 185
1, 1457670939.13, 188, 0, recieved, 2, 187
1, 1457670939.33, 189, 0, internal
1, 1457670939.53, 190, 0, recieved, 2, 189
1, 1457670939.73, 191, 0, sent, 2
1, 1457670939.93, 192, 0, internal
1, 1457670940.13, 194, 0, recieved, 2, 193
1, 1457670940.33, 195, 0, recieved, 2, 194
1, 1457670940.53, 196, 0, internal
1, 1457670940.73, 197, 0, internal
1, 1457670940.93, 198, 0, recieved, 0, 196
1, 1457670941.13, 199, 0, sent, 2
1, 1457670941.33, 200, 0, internal
1, 1457670941.53, 202, 0, recieved, 2, 201
1, 1457670941.73, 203, 0, internal
1, 1457670941.93, 204, 0, recieved, 0, 203
1, 1457670942.13, 205, 0, internal
1, 1457670942.33, 206, 0, internal
1, 1457670942.53, 207, 0, internal
1, 1457670942.73, 208, 0, internal
1, 1457670942.93, 209, 0, internal
1, 1457670943.13, 210, 0, internal
1, 1457670943.33, 211, 0, internal
1, 1457670943.53, 214, 1, recieved, 2, 213
1, 1457670943.73, 215, 1, recieved, 0, 213
1, 1457670943.93, 216, 2, recieved, 2, 214
1, 1457670944.13, 217, 1, recieved, 0, 214
1, 1457670944.33, 218, 1, recieved, 2, 215
1, 1457670944.53, 219, 0, recieved, 0, 216
1, 1457670944.73, 220, 0, internal
1, 1457670944.93, 222, 0, recieved, 2, 221
1, 1457670945.13, 223, 0, internal
1, 1457670945.33, 224, 0, sent, 3
1, 1457670945.53, 225, 0, sent, 1
1, 1457670945.73, 226, 0, sent, 3
1, 1457670945.93, 227, 0, sent, 1
1, 1457670946.13, 228, 0, internal
1, 1457670946.33, 229, 0, internal
1, 1457670946.53, 230, 0, recieved, 0, 229
1, 1457670946.73, 231, 0, sent, 2
1, 1457670946.93, 232, 0, sent, 1
1, 1457670947.13, 236, 0, recieved, 2, 235
1, 1457670947.33, 237, 0, internal
1, 1457670947.53, 238, 0, internal
1, 1457670947.73, 239, 0, internal
1, 1457670947.93, 240, 0, internal
1, 1457670948.13, 241, 0, sent, 3
1, 1457670948.33, 242, 0, internal
1, 1457670948.53, 244, 1, recieved, 2, 243
1, 1457670948.73, 245, 0, recieved, 0, 243
1, 1457670948.93, 246, 0, sent, 3
1, 1457670949.13, 247, 0, internal
1, 1457670949.33, 248, 0, sent, 2
1, 1457670949.53, 250, 0, recieved, 0, 249
1, 1457670949.73, 251, 0, internal
1, 1457670949.93, 252, 0, recieved, 2, 251
1, 1457670950.13, 253, 0, recieved, 0, 251
1, 1457670950.33, 254, 0, internal
1, 1457670950.53, 255, 0, internal
1, 1457670950.73, 256, 0, internal
1, 1457670950.93, 257, 0, internal
1, 1457670951.13, 258, 0, internal
1, 1457670951.33, 259, 0, internal
1, 1457670951.53, 260, 0, internal
1, 1457670951.73, 261, 0, internal
1, 1457670951.93, 264, 1, recieved, 2, 263
1, 1457670952.13, 265, 0, recieved, 2, 264
1, 1457670952.33, 266, 0, internal
1, 1457670952.53, 268, 1, recieved, 2, 267
1, 1457670952.73, 269, 0, recieved, 0, 266
1, 1457670952.93, 271, 0, recieved, 2, 270
1, 1457670953.13, 272, 0, recieved, 0, 268
1, 1457670953.33, 273, 0, internal
1, 1457670953.53, 274, 0, sent, 2
1, 1457670953.73, 275, 0, internal
1, 1457670953.93, 276, 0, sent, 2
1, 1457670954.13, 277, 0, internal
1, 1457670954.33, 278, 0, recieved, 0, 273
1, 1457670954.53, 281, 0, recieved, 2, 280
1, 1457670954.73, 282, 0, sent, 3
1, 1457670954.93, 283, 0, sent, 3
1, 1457670955.13, 284, 0, sent, 2
1, 1457670955.33, 285, 0, sent, 2
1, 1457670955.53, 286, 0, internal
1, 1457670955.73, 287, 0, sent, 3
1, 1457670955.93, 288, 0, internal
1, 1457670956.13, 289, 0, internal
1, 1457670956.33, 290, 0, sent, 3
1, 1457670956.53, 291, 0, internal
1, 1457670956.73, 292, 0, internal
1, 1457670956.93, 295, 0, recieved, 2, 294
1, 1457670957.13, 296, 0, sent, 2
1, 1457670957.33, 297, 0, internal
1, 1457670957.53, 298, 0, internal
1, 1457670957.73, 300, 1, recieved, 2, 299
1, 1457670957.93, 301, 1, recieved, 2, 300
1, 1457670958.13, 302, 0, recieved, 2, 301
1, 1457670958.33, 303, 0, internal
1, 1457670958.53, 304, 0, internal
1, 1457670958.73, 305, 0, internal
1, 1457670958.93, 306, 0, internal
1, 1457670959.13, 307, 0, internal
1, 1457670959.33, 308, 0, recieved, 0, 304
1, 1457670959.53, 309, 0, sent, 1
1, 1457670959.73, 310, 0, internal
1, 1457670959.93, 313, 0, recieved, 2, 312
1, 1457670960.13, 314, 0, internal
1, 1457670960.33, 315, 0, sent, 1
1, 1457670960.53, 316, 0, sent, 3
1, 1457670960.73, 317, 0, internal
1, 1457670960.93, 318, 0, internal
1, 1457670961.13, 319, 0, sent, 1
1, 1457670961.33, 320, 0, internal
1, 1457670961.53, 321, 0, sent, 1
1, 1457670961.73, 322, 0, internal
1, 1457670961.93, 323, 0, internal
1, 1457670962.13, 324, 0, sent, 1
1, 1457670962.33, 325, 0, sent, 2
1, 1457670962.53, 326, 0, internal
1, 1457670962.73, 327, 0, sent, 3
1, 1457670962.93, 328, 0, internal
1, 1457670963.13, 329, 0, internal
1, 1457670963.33, 332, 1, recieved, 0, 331
1, 1457670963.53, 334, 1, recieved, 2, 333
1, 1457670963.73, 335, 0, recieved, 2, 334
1, 1457670963.93, 336, 0, internal
1, 1457670964.13, 337, 0, internal
1, 1457670964.33, 338, 0, internal
1, 1457670964.53, 339, 0, internal
1, 1457670964.73, 340, 0, internal
1, 1457670964.93, 344, 0, recieved, 2, 343
1, 1457670965.13, 345, 0, recieved, 2, 344
1, 1457670965.33, 346, 0, internal
1, 1457670965.53, 347, 0, sent, 1
1, 1457670965.73, 348, 0, sent, 2
1, 1457670965.93, 349, 0, internal
1, 1457670966.13, 350, 0, sent, 1
1, 1457670966.33, 351, 0, internal
1, 1457670966.53, 352, 0, internal
1, 1457670966.73, 353, 0, sent, 1
1, 1457670966.93, 355, 0, recieved, 2, 354
1, 1457670967.13, 356, 0, internal
1, 1457670967.33, 357, 0, internal
1, 1457670967.53, 359, 0, recieved, 2, 358
1, 1457670967.73, 360, 0, internal
1, 1457670967.93, 361, 0, internal
1, 1457670968.13, 362, 0, recieved, 0, 358
1, 1457670968.33, 363, 0, internal
1, 1457670968.53, 364, 0, internal
