0, 1457671692.81, 2, 0, sent, 2
0, 1457671692.88, 3, 0, internal
0, 1457671692.95, 4, 0, sent, 3
0, 1457671693.02, 5, 0, internal
0, 1457671693.09, 7, 0, recieved, 2, 6
0, 1457671693.17, 8, 0, internal
0, 1457671693.24, 9, 0, internal
0, 1457671693.31, 10, 0, recieved, 2, 8
0, 1457671693.38, 11, 0, sent, 1
0, 1457671693.46, 12, 0, sent, 2
0, 1457671693.52, 13, 0, sent, 3
0, 1457671693.59, 14, 0, sent, 2
0, 1457671693.67, 15, 0, internal
0, 1457671693.74, 16, 0, internal
0, 1457671693.81, 17, 0, sent, 2
0, 1457671693.88, 18, 0, sent, 1
0, 1457671693.95, 20, 0, recieved, 2, 19
0, 1457671694.02, 21, 0, recieved, 2, 20
0, 1457671694.09, 22, 0, internal
0, 1457671694.17, 23, 0, internal
0, 1457671694.24, 24, 0, sent, 2
0, 1457671694.31, 25, 0, internal
0, 1457671694.38, 26, 0, internal
0, 1457671694.45, 27, 0, sent, 2
0, 1457671694.52, 28, 0, sent, 2
0, 1457671694.59, 29, 0, internal
0, 1457671694.67, 30, 0, sent, 3
0, 1457671694.74, 31, 0, internal
0, 1457671694.81, 32, 0, sent, 2
0, 1457671694.88, 33, 0, internal
0, 1457671694.95, 35, 0, recieved, 2, 34
0, 1457671695.02, 36, 0, recieved, 2, 35
0, 1457671695.09, 37, 0, sent, 2
0, 1457671695.16, 38, 0, sent, 2
0, 1457671695.24, 39, 0, sent, 1
0, 1457671695.31, 40, 0, sent, 1
0, 1457671695.38, 41, 0, recieved, 2, 40
0, 1457671695.45, 42, 0, internal
0, 1457671695.52, 43, 0, internal
0, 1457671695.59, 44, 0, recieved, 2, 42
0, 1457671695.67, 45, 0, recieved, 2, 43
0, 1457671695.74, 46, 0, sent, 1
0, 1457671695.81, 47, 0, sent, 2
0, 1457671695.88, 48, 0, sent, 2
0, 1457671695.95, 49, 0, sent, 2
0, 1457671696.02, 50, 0, internal
0, 1457671696.09, 52, 0, recieved, 2, 51
0, 1457671696.16, 53, 0, sent, 2
0, 1457671696.24, 54, 0, internal
0, 1457671696.31, 56, 0, recieved, 2, 55
0, 1457671696.38, 57, 0, recieved, 2, 56
0, 1457671696.45, 58, 0, sent, 1
0, 1457671696.52, 59, 0, sent, 1
0, 1457671696.59, 60, 0, sent, 1
0, 1457671696.67, 61, 0, sent, 2
0, 1457671696.74, 62, 0, sent, 1
0, 1457671696.81, 63, 0, internal
0, 1457671696.88, 64, 0, sent, 1
0, 1457671696.95, 65, 0, recieved, 2, 64
0, 1457671697.02, 66, 0, recieved, 2, 65
0, 1457671697.09, 67, 0, sent, 2
0, 1457671697.16, 68, 0, sent, 2
0, 1457671697.24, 69, 0, internal
0, 1457671697.31, 70, 0, sent, 1
0, 1457671697.38, 71, 0, sent, 1
0, 1457671697.45, 72, 0, recieved, 2, 71
0, 1457671697.52, 73, 0, sent, 1
0, 1457671697.59, 74, 0, sent, 2
0, 1457671697.66, 75, 0, sent, 1
0, 1457671697.74, 77, 0, recieved, 2, 76
0, 1457671697.81, 78, 0, internal
0, 1457671697.88, 79, 0, recieved, 2, 77
0, 1457671697.95, 80, 0, sent, 2
0, 1457671698.02, 81, 0, internal
0, 1457671698.09, 83, 0, recieved, 2, 82
0, 1457671698.17, 84, 0, sent, 3
0, 1457671698.24, 85, 0, sent, 3
0, 1457671698.31, 86, 0, sent, 3
0, 1457671698.38, 87, 0, internal
0, 1457671698.45, 88, 0, sent, 2
0, 1457671698.52, 89, 0, sent, 3
0, 1457671698.59, 90, 0, sent, 3
0, 1457671698.67, 91, 0, internal
0, 1457671698.74, 92, 0, internal
0, 1457671698.81, 93, 0, sent, 1
0, 1457671698.88, 94, 0, internal
0, 1457671698.95, 95, 0, sent, 3
0, 1457671699.02, 96, 0, internal
0, 1457671699.09, 97, 0, sent, 3
0, 1457671699.17, 98, 0, sent, 2
0, 1457671699.24, 99, 0, sent, 1
0, 1457671699.31, 100, 0, sent, 2
0, 1457671699.38, 101, 0, internal
0, 1457671699.45, 103, 0, recieved, 2, 102
0, 1457671699.52, 104, 0, sent, 2
0, 1457671699.59, 105, 0, sent, 2
0, 1457671699.67, 106, 0, sent, 2
0, 1457671699.74, 107, 0, internal
0, 1457671699.81, 108, 0, internal
0, 1457671699.88, 109, 0, recieved, 2, 108
0, 1457671699.95, 110, 0, recieved, 2, 109
0, 1457671700.02, 111, 0, sent, 3
0, 1457671700.09, 112, 0, sent, 1
0, 1457671700.17, 113, 0, sent, 3
0, 1457671700.24, 114, 0, sent, 1
0, 1457671700.31, 115, 0, sent, 3
0, 1457671700.38, 116, 0, internal
0, 1457671700.45, 117, 0, sent, 3
0, 1457671700.52, 118, 0, sent, 2
0, 1457671700.59, 119, 0, sent, 1
0, 1457671700.67, 120, 0, sent, 1
0, 1457671700.74, 121, 0, internal
0, 1457671700.81, 122, 0, sent, 2
0, 1457671700.88, 123, 0, sent, 3
0, 1457671700.95, 124, 0, sent, 3
0, 1457671701.02, 125, 0, sent, 3
0, 1457671701.09, 126, 0, sent, 2
0, 1457671701.17, 127, 0, internal
0, 1457671701.24, 128, 0, internal
0, 1457671701.31, 129, 0, internal
0, 1457671701.38, 130, 0, sent, 2
0, 1457671701.45, 131, 0, sent, 3
0, 1457671701.52, 132, 0, sent, 2
0, 1457671701.59, 133, 0, sent, 3
0, 1457671701.67, 134, 0, sent, 3
0, 1457671701.74, 135, 0, sent, 3
0, 1457671701.81, 136, 0, sent, 1
0, 1457671701.88, 137, 0, sent, 3
0, 1457671701.95, 138, 0, internal
0, 1457671702.02, 139, 0, sent, 2
0, 1457671702.09, 140, 0, sent, 2
0, 1457671702.16, 141, 0, internal
0, 1457671702.24, 142, 0, internal
0, 1457671702.31, 143, 0, internal
0, 1457671702.38, 144, 0, sent, 3
0, 1457671702.45, 145, 0, sent, 3
0, 1457671702.52, 146, 0, internal
0, 1457671702.59, 147, 0, internal
0, 1457671702.66, 148, 0, sent, 2
0, 1457671702.74, 149, 0, internal
0, 1457671702.81, 150, 0, sent, 3
0, 1457671702.88, 151, 0, sent, 3
0, 1457671702.95, 152, 0, internal
0, 1457671703.02, 153, 0, sent, 2
0, 1457671703.09, 154, 0, internal
0, 1457671703.17, 155, 0, sent, 1
0, 1457671703.24, 156, 0, recieved, 2, 155
0, 1457671703.31, 157, 0, sent, 2
0, 1457671703.38, 158, 0, sent, 1
0, 1457671703.45, 159, 0, sent, 2
0, 1457671703.52, 160, 0, internal
0, 1457671703.59, 161, 0, internal
0, 1457671703.67, 162, 0, sent, 2
0, 1457671703.74, 163, 0, sent, 2
0, 1457671703.81, 164, 0, internal
0, 1457671703.88, 165, 0, internal
0, 1457671703.95, 166, 0, internal
0, 1457671704.02, 167, 0, sent, 2
0, 1457671704.09, 168, 0, internal
0, 1457671704.17, 169, 0, sent, 2
0, 1457671704.24, 170, 0, internal
0, 1457671704.31, 171, 0, sent, 3
0, 1457671704.38, 172, 0, sent, 3
0, 1457671704.45, 173, 0, internal
0, 1457671704.52, 174, 0, internal
0, 1457671704.59, 175, 0, sent, 1
0, 1457671704.66, 176, 0, internal
0, 1457671704.74, 177, 0, internal
0, 1457671704.81, 178, 0, internal
0, 1457671704.88, 179, 0, sent, 1
0, 1457671704.95, 180, 0, recieved, 2, 178
0, 1457671705.02, 181, 0, recieved, 2, 179
0, 1457671705.09, 182, 0, recieved, 2, 180
0, 1457671705.17, 183, 0, internal
0, 1457671705.24, 184, 0, sent, 1
0, 1457671705.31, 185, 0, sent, 1
0, 1457671705.38, 186, 0, sent, 3
0, 1457671705.45, 187, 0, sent, 2
0, 1457671705.52, 188, 0, internal
0, 1457671705.59, 189, 0, sent, 1
0, 1457671705.67, 190, 0, internal
0, 1457671705.74, 191, 0, internal
0, 1457671705.81, 192, 0, sent, 2
0, 1457671705.88, 193, 0, sent, 3
0, 1457671705.95, 194, 0, internal
0, 1457671706.02, 196, 0, recieved, 2, 195
0, 1457671706.09, 197, 0, sent, 3
0, 1457671706.17, 198, 0, sent, 2
0, 1457671706.24, 199, 0, sent, 3
0, 1457671706.31, 200, 0, sent, 2
0, 1457671706.38, 201, 0, sent, 1
0, 1457671706.45, 202, 0, sent, 3
0, 1457671706.52, 203, 0, internal
0, 1457671706.59, 204, 0, sent, 3
0, 1457671706.67, 205, 0, sent, 1
0, 1457671706.74, 207, 0, recieved, 2, 206
0, 1457671706.81, 208, 0, internal
0, 1457671706.88, 209, 0, recieved, 2, 207
0, 1457671706.95, 210, 0, recieved, 2, 208
0, 1457671707.02, 211, 0, recieved, 2, 209
0, 1457671707.09, 212, 0, recieved, 2, 210
0, 1457671707.17, 213, 0, internal
0, 1457671707.24, 214, 0, recieved, 2, 211
0, 1457671707.31, 215, 0, recieved, 2, 212
0, 1457671707.38, 216, 0, sent, 1
0, 1457671707.45, 217, 0, sent, 1
0, 1457671707.52, 218, 0, sent, 2
0, 1457671707.59, 219, 0, sent, 3
0, 1457671707.66, 220, 0, sent, 1
0, 1457671707.74, 221, 0, sent, 3
0, 1457671707.81, 222, 0, sent, 2
0, 1457671707.88, 223, 0, sent, 3
0, 1457671707.95, 224, 0, sent, 3
0, 1457671708.02, 225, 0, internal
0, 1457671708.09, 226, 0, sent, 2
0, 1457671708.17, 227, 0, sent, 2
0, 1457671708.24, 228, 0, internal
0, 1457671708.31, 229, 0, internal
0, 1457671708.38, 230, 0, recieved, 2, 229
0, 1457671708.45, 231, 0, sent, 2
0, 1457671708.52, 232, 0, sent, 3
0, 1457671708.59, 233, 0, internal
0, 1457671708.66, 234, 0, sent, 2
0, 1457671708.74, 235, 0, sent, 3
0, 1457671708.81, 236, 0, sent, 3
0, 1457671708.88, 237, 0, sent, 1
0, 1457671708.95, 238, 0, sent, 2
0, 1457671709.02, 239, 0, internal
0, 1457671709.09, 241, 0, recieved, 2, 240
0, 1457671709.17, 242, 0, sent, 2
0, 1457671709.24, 243, 0, internal
0, 1457671709.31, 244, 0, sent, 3
0, 1457671709.38, 245, 0, internal
0, 1457671709.45, 247, 0, recieved, 2, 246
0, 1457671709.52, 248, 0, internal
0, 1457671709.59, 249, 0, recieved, 2, 247
0, 1457671709.67, 250, 0, internal
0, 1457671709.74, 251, 0, internal
0, 1457671709.81, 252, 0, sent, 2
0, 1457671709.88, 253, 0, internal
0, 1457671709.95, 254, 0, internal
0, 1457671710.02, 256, 0, recieved, 2, 255
0, 1457671710.09, 257, 0, recieved, 2, 256
0, 1457671710.17, 258, 0, sent, 3
0, 1457671710.24, 259, 0, internal
0, 1457671710.31, 260, 0, internal
0, 1457671710.38, 261, 0, sent, 3
0, 1457671710.45, 262, 0, internal
0, 1457671710.52, 263, 0, sent, 3
0, 1457671710.59, 264, 0, sent, 1
0, 1457671710.67, 266, 0, recieved, 2, 265
0, 1457671710.74, 267, 0, sent, 1
0, 1457671710.81, 268, 0, sent, 2
0, 1457671710.88, 269, 0, sent, 1
0, 1457671710.95, 270, 0, internal
0, 1457671711.02, 271, 0, internal
0, 1457671711.09, 272, 0, internal
0, 1457671711.17, 273, 0, sent, 1
0, 1457671711.24, 274, 0, sent, 1
0, 1457671711.31, 275, 0, sent, 2
0, 1457671711.38, 276, 0, internal
0, 1457671711.45, 277, 0, sent, 2
0, 1457671711.52, 278, 0, sent, 1
0, 1457671711.59, 279, 0, internal
0, 1457671711.67, 280, 0, internal
0, 1457671711.74, 281, 0, sent, 2
0, 1457671711.81, 282, 0, internal
0, 1457671711.88, 283, 0, sent, 2
0, 1457671711.95, 284, 0, internal
0, 1457671712.02, 285, 0, sent, 1
0, 1457671712.09, 286, 0, internal
0, 1457671712.17, 287, 0, internal
0, 1457671712.24, 288, 0, recieved, 2, 287
0, 1457671712.31, 289, 0, internal
0, 1457671712.38, 290, 0, sent, 3
0, 1457671712.45, 291, 0, internal
0, 1457671712.52, 292, 0, internal
0, 1457671712.59, 293, 0, recieved, 2, 292
0, 1457671712.67, 294, 0, sent, 3
0, 1457671712.74, 295, 0, sent, 2
0, 1457671712.81, 296, 0, sent, 3
0, 1457671712.88, 297, 0, sent, 2
0, 1457671712.95, 298, 0, internal
0, 1457671713.02, 299, 0, sent, 3
0, 1457671713.09, 300, 0, internal
0, 1457671713.17, 301, 0, sent, 3
0, 1457671713.24, 302, 0, sent, 1
0, 1457671713.31, 304, 0, recieved, 2, 303
0, 1457671713.38, 305, 0, sent, 1
0, 1457671713.45, 306, 0, recieved, 2, 305
0, 1457671713.52, 307, 0, internal
0, 1457671713.59, 308, 0, recieved, 2, 306
0, 1457671713.67, 309, 0, recieved, 2, 307
0, 1457671713.74, 310, 0, recieved, 2, 308
0, 1457671713.81, 311, 0, sent, 2
0, 1457671713.88, 312, 0, sent, 2
0, 1457671713.95, 313, 0, sent, 1
0, 1457671714.02, 314, 0, internal
0, 1457671714.09, 315, 0, sent, 2
0, 1457671714.16, 316, 0, internal
0, 1457671714.24, 317, 0, sent, 3
0, 1457671714.31, 318, 0, sent, 1
0, 1457671714.38, 319, 0, sent, 1
0, 1457671714.45, 320, 0, internal
0, 1457671714.52, 321, 0, sent, 2
0, 1457671714.59, 322, 0, internal
0, 1457671714.66, 323, 0, internal
0, 1457671714.74, 324, 0, internal
0, 1457671714.81, 325, 0, internal
0, 1457671714.88, 326, 0, recieved, 2, 325
0, 1457671714.95, 327, 0, internal
0, 1457671715.02, 328, 0, recieved, 2, 327
0, 1457671715.09, 329, 0, recieved, 2, 328
0, 1457671715.17, 330, 0, sent, 3
0, 1457671715.24, 331, 0, sent, 2
0, 1457671715.31, 332, 0, sent, 2
0, 1457671715.38, 333, 0, sent, 1
0, 1457671715.45, 334, 0, sent, 1
0, 1457671715.52, 335, 0, sent, 3
0, 1457671715.59, 336, 0, sent, 1
0, 1457671715.67, 337, 0, internal
0, 1457671715.74, 339, 0, recieved, 2, 338
0, 1457671715.81, 340, 0, sent, 1
0, 1457671715.88, 341, 0, recieved, 2, 339
0, 1457671715.95, 342, 0, internal
0, 1457671716.02, 343, 0, sent, 2
0, 1457671716.09, 344, 0, sent, 1
0, 1457671716.17, 345, 0, sent, 2
0, 1457671716.24, 346, 0, sent, 1
0, 1457671716.31, 347, 0, internal
0, 1457671716.38, 348, 0, internal
0, 1457671716.45, 349, 0, internal
0, 1457671716.52, 350, 0, internal
0, 1457671716.59, 351, 0, recieved, 2, 350
0, 1457671716.67, 352, 0, recieved, 2, 351
0, 1457671716.74, 353, 0, sent, 3
0, 1457671716.81, 354, 0, sent, 2
0, 1457671716.88, 355, 0, internal
0, 1457671716.95, 356, 0, sent, 1
0, 1457671717.02, 357, 0, recieved, 2, 356
0, 1457671717.09, 358, 0, recieved, 2, 357
0, 1457671717.16, 359, 0, internal
0, 1457671717.24, 360, 0, internal
0, 1457671717.31, 361, 0, sent, 3
0, 1457671717.38, 362, 0, internal
0, 1457671717.45, 363, 0, sent, 1
0, 1457671717.52, 364, 0, internal
0, 1457671717.59, 365, 0, sent, 3
0, 1457671717.67, 366, 0, internal
0, 1457671717.74, 367, 0, internal
0, 1457671717.81, 368, 0, sent, 1
0, 1457671717.88, 369, 0, sent, 3
0, 1457671717.95, 370, 0, internal
0, 1457671718.02, 372, 0, recieved, 2, 371
0, 1457671718.09, 373, 0, internal
0, 1457671718.17, 374, 0, internal
0, 1457671718.24, 375, 0, internal
0, 1457671718.31, 376, 0, recieved, 2, 374
0, 1457671718.38, 377, 0, sent, 1
0, 1457671718.45, 378, 0, sent, 3
0, 1457671718.52, 379, 0, sent, 3
0, 1457671718.59, 380, 0, sent, 3
0, 1457671718.66, 381, 0, sent, 2
0, 1457671718.74, 382, 0, internal
0, 1457671718.81, 383, 0, internal
0, 1457671718.88, 384, 0, internal
0, 1457671718.95, 385, 0, internal
0, 1457671719.02, 386, 0, internal
0, 1457671719.09, 387, 0, recieved, 2, 385
0, 1457671719.16, 388, 0, sent, 1
0, 1457671719.24, 389, 0, sent, 2
0, 1457671719.31, 390, 0, sent, 2
0, 1457671719.38, 391, 0, sent, 2
0, 1457671719.45, 392, 0, sent, 1
0, 1457671719.52, 393, 0, internal
0, 1457671719.59, 394, 0, recieved, 2, 393
0, 1457671719.67, 395, 0, internal
0, 1457671719.74, 396, 0, sent, 3
0, 1457671719.81, 397, 0, sent, 2
0, 1457671719.88, 398, 0, internal
0, 1457671719.95, 399, 0, sent, 3
0, 1457671720.02, 400, 0, sent, 3
0, 1457671720.09, 401, 0, sent, 2
0, 1457671720.17, 402, 0, internal
0, 1457671720.24, 403, 0, sent, 3
0, 1457671720.31, 404, 0, sent, 3
0, 1457671720.38, 405, 0, internal
0, 1457671720.45, 406, 0, sent, 2
0, 1457671720.52, 407, 0, internal
0, 1457671720.59, 408, 0, sent, 1
0, 1457671720.67, 409, 0, sent, 2
0, 1457671720.74, 410, 0, internal
0, 1457671720.81, 411, 0, sent, 2
0, 1457671720.88, 412, 0, sent, 1
0, 1457671720.95, 413, 0, sent, 2
0, 1457671721.02, 414, 0, internal
0, 1457671721.09, 416, 0, recieved, 2, 415
0, 1457671721.16, 417, 0, sent, 1
0, 1457671721.24, 418, 0, internal
0, 1457671721.31, 419, 0, recieved, 2, 417
0, 1457671721.38, 420, 0, sent, 3
0, 1457671721.45, 421, 0, internal
0, 1457671721.52, 422, 0, sent, 3
0, 1457671721.59, 423, 0, sent, 2
0, 1457671721.67, 424, 0, internal
0, 1457671721.74, 426, 0, recieved, 2, 425
0, 1457671721.81, 427, 0, internal
0, 1457671721.88, 428, 0, internal
0, 1457671721.95, 429, 0, recieved, 2, 427
0, 1457671722.02, 430, 0, recieved, 2, 428
0, 1457671722.09, 431, 0, sent, 3
0, 1457671722.17, 432, 0, internal
0, 1457671722.24, 433, 0, sent, 3
0, 1457671722.31, 434, 0, sent, 1
0, 1457671722.38, 435, 0, internal
0, 1457671722.45, 437, 0, recieved, 2, 436
0, 1457671722.52, 438, 0, sent, 2
0, 1457671722.59, 439, 0, internal
0, 1457671722.67, 440, 0, internal
0, 1457671722.74, 441, 0, sent, 3
0, 1457671722.81, 442, 0, sent, 1
0, 1457671722.88, 443, 0, internal
0, 1457671722.95, 444, 0, sent, 3
0, 1457671723.02, 445, 0, internal
0, 1457671723.09, 447, 0, recieved, 2, 446
0, 1457671723.17, 448, 0, sent, 1
0, 1457671723.24, 449, 0, internal
0, 1457671723.31, 450, 0, internal
0, 1457671723.38, 451, 0, internal
0, 1457671723.45, 452, 0, sent, 2
0, 1457671723.52, 453, 0, internal
0, 1457671723.59, 454, 0, internal
0, 1457671723.67, 455, 0, recieved, 2, 454
0, 1457671723.74, 456, 0, sent, 2
0, 1457671723.81, 457, 0, sent, 3
0, 1457671723.88, 458, 0, sent, 2
0, 1457671723.95, 459, 0, internal
0, 1457671724.02, 460, 0, internal
0, 1457671724.09, 461, 0, internal
0, 1457671724.16, 462, 0, internal
0, 1457671724.24, 463, 0, sent, 3
0, 1457671724.31, 464, 0, sent, 2
0, 1457671724.38, 465, 0, internal
0, 1457671724.45, 467, 0, recieved, 2, 466
0, 1457671724.52, 468, 0, sent, 2
0, 1457671724.59, 469, 0, internal
0, 1457671724.66, 470, 0, internal
0, 1457671724.74, 471, 0, internal
0, 1457671724.81, 472, 0, sent, 2
0, 1457671724.88, 473, 0, sent, 2
0, 1457671724.95, 474, 0, sent, 3
0, 1457671725.02, 475, 0, sent, 3
0, 1457671725.09, 476, 0, sent, 2
0, 1457671725.17, 477, 0, internal
0, 1457671725.24, 478, 0, sent, 1
0, 1457671725.31, 479, 0, recieved, 2, 478
0, 1457671725.38, 480, 0, internal
0, 1457671725.45, 481, 0, recieved, 2, 480
0, 1457671725.52, 482, 0, sent, 2
0, 1457671725.59, 483, 0, sent, 1
0, 1457671725.66, 484, 0, internal
0, 1457671725.74, 486, 0, recieved, 2, 485
0, 1457671725.81, 487, 0, sent, 2
0, 1457671725.88, 488, 0, sent, 3
0, 1457671725.95, 489, 0, sent, 3
0, 1457671726.02, 490, 0, sent, 3
0, 1457671726.09, 491, 0, sent, 2
0, 1457671726.17, 492, 0, internal
0, 1457671726.24, 493, 0, internal
0, 1457671726.31, 494, 0, internal
0, 1457671726.38, 495, 0, recieved, 2, 494
0, 1457671726.45, 496, 0, sent, 1
0, 1457671726.52, 497, 0, internal
0, 1457671726.59, 498, 0, sent, 2
0, 1457671726.67, 499, 0, sent, 2
0, 1457671726.74, 500, 0, sent, 2
0, 1457671726.81, 501, 0, sent, 3
0, 1457671726.88, 502, 0, sent, 3
0, 1457671726.95, 503, 0, internal
0, 1457671727.02, 504, 0, sent, 2
0, 1457671727.09, 505, 0, sent, 3
0, 1457671727.17, 506, 0, internal
0, 1457671727.24, 507, 0, sent, 2
0, 1457671727.31, 508, 0, sent, 2
0, 1457671727.38, 509, 0, internal
0, 1457671727.45, 511, 0, recieved, 2, 510
0, 1457671727.52, 512, 0, internal
0, 1457671727.59, 513, 0, recieved, 2, 511
0, 1457671727.66, 514, 0, sent, 1
0, 1457671727.74, 515, 0, recieved, 2, 513
0, 1457671727.81, 516, 0, sent, 3
0, 1457671727.88, 517, 0, sent, 3
0, 1457671727.95, 518, 0, sent, 1
0, 1457671728.02, 519, 0, sent, 2
0, 1457671728.09, 520, 0, sent, 3
0, 1457671728.17, 521, 0, internal
0, 1457671728.24, 522, 0, sent, 3
0, 1457671728.31, 523, 0, sent, 2
0, 1457671728.38, 524, 0, sent, 2
0, 1457671728.45, 525, 0, sent, 2
0, 1457671728.52, 526, 0, sent, 2
0, 1457671728.59, 527, 0, sent, 2
0, 1457671728.66, 528, 0, internal
0, 1457671728.74, 529, 0, internal
0, 1457671728.81, 530, 0, sent, 1
0, 1457671728.88, 531, 0, recieved, 2, 529
0, 1457671728.95, 532, 0, recieved, 2, 530
0, 1457671729.02, 533, 0, internal
0, 1457671729.09, 534, 0, recieved, 2, 532
0, 1457671729.17, 535, 0, sent, 3
0, 1457671729.24, 536, 0, sent, 1
0, 1457671729.31, 538, 0, recieved, 2, 537
0, 1457671729.38, 539, 0, sent, 3
0, 1457671729.45, 540, 0, sent, 3
0, 1457671729.52, 541, 0, sent, 2
0, 1457671729.59, 542, 0, sent, 2
0, 1457671729.67, 543, 0, sent, 3
0, 1457671729.74, 544, 0, internal
0, 1457671729.81, 545, 0, internal
0, 1457671729.88, 546, 0, internal
0, 1457671729.95, 547, 0, recieved, 2, 545
0, 1457671730.02, 548, 0, recieved, 2, 546
0, 1457671730.09, 549, 0, recieved, 2, 547
0, 1457671730.17, 550, 0, sent, 1
0, 1457671730.24, 551, 0, recieved, 2, 548
0, 1457671730.31, 552, 0, sent, 1
0, 1457671730.38, 553, 0, sent, 1
0, 1457671730.45, 554, 0, recieved, 2, 551
0, 1457671730.52, 555, 0, sent, 1
0, 1457671730.59, 556, 0, sent, 1
0, 1457671730.67, 557, 0, sent, 1
0, 1457671730.74, 558, 0, recieved, 2, 554
0, 1457671730.81, 559, 0, sent, 1
0, 1457671730.88, 560, 0, recieved, 2, 555
0, 1457671730.95, 561, 0, recieved, 2, 556
0, 1457671731.02, 562, 0, sent, 2
0, 1457671731.09, 563, 0, sent, 3
0, 1457671731.17, 564, 0, internal
0, 1457671731.24, 565, 0, sent, 3
0, 1457671731.31, 566, 0, sent, 3
0, 1457671731.38, 567, 0, sent, 1
0, 1457671731.45, 569, 0, recieved, 2, 568
0, 1457671731.52, 570, 0, sent, 1
0, 1457671731.59, 571, 0, recieved, 2, 569
0, 1457671731.67, 572, 0, recieved, 2, 570
0, 1457671731.74, 573, 0, sent, 2
0, 1457671731.81, 574, 0, sent, 1
0, 1457671731.88, 575, 0, sent, 3
0, 1457671731.95, 576, 0, internal
0, 1457671732.02, 578, 0, recieved, 2, 577
0, 1457671732.09, 579, 0, recieved, 2, 578
0, 1457671732.17, 580, 0, internal
0, 1457671732.24, 581, 0, recieved, 2, 579
0, 1457671732.31, 582, 0, sent, 3
0, 1457671732.38, 583, 0, internal
0, 1457671732.45, 584, 0, internal
0, 1457671732.52, 585, 0, sent, 1
0, 1457671732.59, 586, 0, recieved, 2, 585
0, 1457671732.66, 587, 0, sent, 2
0, 1457671732.74, 588, 0, sent, 3
0, 1457671732.81, 589, 0, internal
0, 1457671732.88, 590, 0, internal
0, 1457671732.95, 591, 0, recieved, 2, 590
0, 1457671733.02, 592, 0, sent, 1
0, 1457671733.09, 593, 0, sent, 1
0, 1457671733.17, 594, 0, sent, 1
0, 1457671733.24, 595, 0, sent, 2
0, 1457671733.31, 596, 0, internal
0, 1457671733.38, 598, 0, recieved, 2, 597
0, 1457671733.45, 599, 0, sent, 1
0, 1457671733.52, 600, 0, internal
0, 1457671733.59, 601, 0, sent, 3
0, 1457671733.67, 602, 0, internal
0, 1457671733.74, 603, 0, sent, 2
0, 1457671733.81, 604, 0, sent, 2
0, 1457671733.88, 605, 0, internal
0, 1457671733.95, 606, 0, sent, 3
0, 1457671734.02, 607, 0, internal
0, 1457671734.09, 609, 0, recieved, 2, 608
0, 1457671734.17, 610, 0, sent, 3
0, 1457671734.24, 611, 0, sent, 3
0, 1457671734.31, 612, 0, internal
0, 1457671734.38, 613, 0, sent, 1
0, 1457671734.45, 614, 0, internal
0, 1457671734.52, 615, 0, internal
0, 1457671734.59, 616, 0, sent, 3
0, 1457671734.67, 617, 0, sent, 2
0, 1457671734.74, 618, 0, sent, 3
0, 1457671734.81, 619, 0, sent, 3
0, 1457671734.88, 620, 0, sent, 1
0, 1457671734.95, 621, 0, sent, 3
0, 1457671735.02, 622, 0, sent, 2
0, 1457671735.09, 623, 0, sent, 2
0, 1457671735.17, 624, 0, internal
0, 1457671735.24, 625, 0, sent, 2
0, 1457671735.31, 626, 0, sent, 3
0, 1457671735.38, 627, 0, sent, 1
0, 1457671735.45, 629, 0, recieved, 2, 628
0, 1457671735.52, 630, 0, sent, 3
0, 1457671735.59, 631, 0, sent, 2
0, 1457671735.67, 632, 0, sent, 1
0, 1457671735.74, 633, 0, sent, 3
0, 1457671735.81, 634, 0, internal
0, 1457671735.88, 635, 0, sent, 3
0, 1457671735.95, 636, 0, internal
0, 1457671736.02, 637, 0, internal
0, 1457671736.09, 638, 0, internal
0, 1457671736.17, 639, 0, sent, 1
0, 1457671736.24, 640, 0, internal
0, 1457671736.31, 641, 0, internal
0, 1457671736.38, 642, 0, sent, 2
0, 1457671736.45, 643, 0, internal
0, 1457671736.52, 644, 0, sent, 1
0, 1457671736.59, 645, 0, sent, 3
0, 1457671736.67, 646, 0, internal
0, 1457671736.74, 648, 0, recieved, 2, 647
0, 1457671736.81, 649, 0, internal
0, 1457671736.88, 650, 0, recieved, 2, 648
0, 1457671736.95, 651, 0, internal
0, 1457671737.02, 652, 0, recieved, 2, 650
0, 1457671737.09, 653, 0, recieved, 2, 651
0, 1457671737.17, 654, 0, sent, 1
0, 1457671737.24, 655, 0, recieved, 2, 652
0, 1457671737.31, 656, 0, sent, 2
0, 1457671737.38, 657, 0, internal
0, 1457671737.45, 659, 0, recieved, 2, 658
0, 1457671737.52, 660, 0, internal
0, 1457671737.59, 661, 0, internal
0, 1457671737.67, 662, 0, sent, 3
0, 1457671737.74, 663, 0, internal
0, 1457671737.81, 664, 0, internal
0, 1457671737.88, 665, 0, recieved, 2, 664
0, 1457671737.95, 666, 0, recieved, 2, 665
0, 1457671738.02, 667, 0, recieved, 2, 666
0, 1457671738.09, 668, 0, recieved, 2, 667
0, 1457671738.17, 669, 0, sent, 1
0, 1457671738.24, 670, 0, internal
0, 1457671738.31, 671, 0, internal
0, 1457671738.38, 672, 0, sent, 1
0, 1457671738.45, 673, 0, sent, 3
0, 1457671738.52, 674, 0, sent, 1
0, 1457671738.59, 675, 0, internal
0, 1457671738.67, 676, 0, sent, 1
0, 1457671738.74, 677, 0, recieved, 2, 676
0, 1457671738.81, 678, 0, sent, 2
0, 1457671738.88, 679, 0, internal
0, 1457671738.95, 680, 0, internal
0, 1457671739.02, 682, 0, recieved, 2, 681
0, 1457671739.09, 683, 0, recieved, 2, 682
0, 1457671739.17, 684, 0, sent, 1
0, 1457671739.24, 685, 0, sent, 1
0, 1457671739.31, 686, 0, internal
0, 1457671739.38, 687, 0, sent, 2
0, 1457671739.45, 688, 0, sent, 1
0, 1457671739.52, 689, 0, internal
0, 1457671739.59, 690, 0, sent, 3
0, 1457671739.67, 691, 0, sent, 3
0, 1457671739.74, 692, 0, internal
0, 1457671739.81, 693, 0, internal
0, 1457671739.88, 694, 0, recieved, 2, 693
0, 1457671739.95, 695, 0, sent, 1
0, 1457671740.02, 696, 0, recieved, 2, 695
0, 1457671740.09, 697, 0, sent, 3
0, 1457671740.17, 698, 0, internal
0, 1457671740.24, 699, 0, internal
0, 1457671740.31, 700, 0, sent, 1
0, 1457671740.38, 701, 0, sent, 2
0, 1457671740.45, 702, 0, internal
0, 1457671740.52, 703, 0, sent, 2
0, 1457671740.59, 704, 0, sent, 1
0, 1457671740.67, 705, 0, internal
0, 1457671740.74, 707, 0, recieved, 2, 706
0, 1457671740.81, 708, 0, sent, 1
0, 1457671740.88, 709, 0, sent, 1
0, 1457671740.95, 710, 0, internal
0, 1457671741.02, 711, 0, internal
0, 1457671741.09, 712, 0, sent, 1
0, 1457671741.16, 713, 0, sent, 3
0, 1457671741.24, 714, 0, internal
0, 1457671741.31, 715, 0, sent, 3
0, 1457671741.38, 716, 0, internal
0, 1457671741.45, 718, 0, recieved, 2, 717
0, 1457671741.52, 719, 0, sent, 3
0, 1457671741.59, 720, 0, sent, 1
0, 1457671741.67, 722, 0, recieved, 2, 721
0, 1457671741.74, 723, 0, sent, 1
0, 1457671741.81, 724, 0, sent, 1
0, 1457671741.88, 725, 0, recieved, 2, 723
0, 1457671741.95, 726, 0, recieved, 2, 724
0, 1457671742.02, 727, 0, sent, 3
0, 1457671742.09, 728, 0, sent, 1
0, 1457671742.17, 729, 0, internal
0, 1457671742.24, 730, 0, sent, 3
0, 1457671742.31, 731, 0, sent, 3
0, 1457671742.38, 732, 0, sent, 1
0, 1457671742.45, 733, 0, internal
0, 1457671742.52, 734, 0, sent, 2
0, 1457671742.59, 735, 0, internal
0, 1457671742.67, 737, 0, recieved, 2, 736
0, 1457671742.74, 738, 0, recieved, 2, 737
0, 1457671742.81, 739, 0, internal
0, 1457671742.88, 740, 0, recieved, 2, 738
0, 1457671742.95, 741, 0, sent, 2
0, 1457671743.02, 742, 0, sent, 3
0, 1457671743.09, 743, 0, internal
0, 1457671743.16, 744, 0, internal
0, 1457671743.24, 745, 0, recieved, 2, 744
0, 1457671743.31, 746, 0, sent, 2
0, 1457671743.38, 747, 0, internal
0, 1457671743.45, 748, 0, sent, 1
0, 1457671743.52, 749, 0, sent, 2
0, 1457671743.59, 750, 0, internal
0, 1457671743.67, 751, 0, sent, 3
0, 1457671743.74, 752, 0, internal
0, 1457671743.81, 753, 0, internal
0, 1457671743.88, 754, 0, recieved, 2, 753
0, 1457671743.95, 755, 0, internal
0, 1457671744.02, 756, 0, sent, 3
0, 1457671744.09, 757, 0, sent, 3
0, 1457671744.17, 758, 0, sent, 2
0, 1457671744.24, 759, 0, internal
0, 1457671744.31, 760, 0, internal
0, 1457671744.38, 761, 0, recieved, 2, 760
0, 1457671744.45, 762, 0, sent, 2
0, 1457671744.52, 763, 0, sent, 2
0, 1457671744.59, 764, 0, internal
0, 1457671744.67, 765, 0, sent, 3
0, 1457671744.74, 766, 0, sent, 2
0, 1457671744.81, 767, 0, internal
0, 1457671744.88, 768, 0, sent, 1
0, 1457671744.95, 769, 0, recieved, 2, 768
0, 1457671745.02, 770, 0, recieved, 2, 769
0, 1457671745.09, 771, 0, internal
0, 1457671745.17, 772, 0, sent, 3
0, 1457671745.24, 773, 0, sent, 3
0, 1457671745.31, 774, 0, internal
0, 1457671745.38, 776, 0, recieved, 2, 775
0, 1457671745.45, 777, 0, sent, 2
0, 1457671745.52, 778, 0, sent, 3
0, 1457671745.59, 779, 0, sent, 1
0, 1457671745.66, 780, 0, sent, 1
0, 1457671745.74, 781, 0, internal
0, 1457671745.81, 782, 0, internal
0, 1457671745.88, 783, 0, recieved, 2, 781
0, 1457671745.95, 784, 0, sent, 3
0, 1457671746.02, 785, 0, sent, 2
0, 1457671746.09, 786, 0, sent, 2
0, 1457671746.16, 787, 0, sent, 1
0, 1457671746.24, 788, 0, sent, 1
0, 1457671746.31, 789, 0, internal
0, 1457671746.38, 790, 0, recieved, 2, 789
0, 1457671746.45, 791, 0, internal
0, 1457671746.52, 792, 0, sent, 2
0, 1457671746.59, 793, 0, internal
0, 1457671746.66, 794, 0, internal
0, 1457671746.74, 795, 0, sent, 2
0, 1457671746.81, 796, 0, sent, 2
0, 1457671746.88, 797, 0, sent, 2
0, 1457671746.95, 798, 0, internal
0, 1457671747.02, 799, 0, sent, 2
0, 1457671747.09, 800, 0, sent, 1
0, 1457671747.16, 801, 0, internal
0, 1457671747.24, 802, 0, recieved, 2, 801
0, 1457671747.31, 803, 0, sent, 1
0, 1457671747.38, 804, 0, sent, 1
0, 1457671747.45, 805, 0, recieved, 2, 804
0, 1457671747.52, 806, 0, internal
0, 1457671747.59, 807, 0, sent, 1
0, 1457671747.66, 808, 0, recieved, 2, 806
0, 1457671747.74, 809, 0, internal
0, 1457671747.81, 810, 0, sent, 3
0, 1457671747.88, 811, 0, internal
0, 1457671747.95, 813, 0, recieved, 2, 812
0, 1457671748.02, 814, 0, sent, 2
0, 1457671748.09, 815, 0, sent, 2
0, 1457671748.17, 816, 0, sent, 3
0, 1457671748.24, 817, 0, sent, 2
0, 1457671748.31, 818, 0, internal
0, 1457671748.38, 819, 0, sent, 3
0, 1457671748.45, 820, 0, internal
0, 1457671748.52, 821, 0, internal
0, 1457671748.59, 822, 0, recieved, 2, 821
0, 1457671748.66, 823, 0, sent, 3
0, 1457671748.74, 824, 0, sent, 1
0, 1457671748.81, 825, 0, internal
0, 1457671748.88, 826, 0, sent, 3
0, 1457671748.95, 827, 0, internal
0, 1457671749.02, 829, 0, recieved, 2, 828
0, 1457671749.09, 830, 0, sent, 2
0, 1457671749.17, 831, 0, internal
0, 1457671749.24, 832, 0, sent, 2
0, 1457671749.31, 833, 0, sent, 2
0, 1457671749.38, 834, 0, sent, 1
0, 1457671749.45, 835, 0, sent, 3
0, 1457671749.52, 836, 0, sent, 2
0, 1457671749.59, 837, 0, internal
0, 1457671749.67, 838, 0, internal
0, 1457671749.74, 839, 0, sent, 2
0, 1457671749.81, 840, 0, internal
0, 1457671749.88, 841, 0, sent, 2
0, 1457671749.95, 842, 0, sent, 1
0, 1457671750.02, 844, 0, recieved, 2, 843
0, 1457671750.09, 845, 0, internal
0, 1457671750.17, 846, 0, internal
0, 1457671750.24, 847, 0, recieved, 2, 845
0, 1457671750.31, 848, 0, internal
0, 1457671750.38, 849, 0, sent, 3
0, 1457671750.45, 850, 0, internal
0, 1457671750.52, 851, 0, sent, 3
0, 1457671750.59, 852, 0, sent, 2
0, 1457671750.67, 853, 0, internal
0, 1457671750.74, 854, 0, sent, 1
0, 1457671750.81, 855, 0, internal
0, 1457671750.88, 856, 0, sent, 1
0, 1457671750.95, 857, 0, recieved, 2, 856
0, 1457671751.02, 858, 0, recieved, 2, 857
0, 1457671751.09, 859, 0, sent, 3
0, 1457671751.16, 860, 0, sent, 1
0, 1457671751.24, 861, 0, internal
0, 1457671751.31, 862, 0, recieved, 2, 861
0, 1457671751.38, 863, 0, recieved, 2, 862
0, 1457671751.45, 864, 0, recieved, 2, 863
0, 1457671751.52, 865, 0, internal
0, 1457671751.59, 866, 0, recieved, 2, 864
0, 1457671751.67, 867, 0, internal
0, 1457671751.74, 868, 0, recieved, 2, 866
0, 1457671751.81, 869, 0, internal
0, 1457671751.88, 870, 0, recieved, 2, 867
0, 1457671751.95, 871, 0, sent, 1
0, 1457671752.02, 872, 0, internal
0, 1457671752.09, 873, 0, recieved, 2, 870
0, 1457671752.16, 874, 0, internal
0, 1457671752.24, 875, 0, internal
0, 1457671752.31, 876, 0, recieved, 2, 872
0, 1457671752.38, 877, 0, sent, 2
0, 1457671752.45, 878, 0, sent, 1
0, 1457671752.52, 879, 0, sent, 1
0, 1457671752.59, 880, 0, recieved, 2, 879
0, 1457671752.66, 881, 0, recieved, 2, 880
0, 1457671752.74, 882, 0, recieved, 2, 881
