2, 1457671330.86, 2, 0, internal
2, 1457671331.07, 4, 0, recieved, 1, 3
2, 1457671331.27, 5, 0, sent, 3
2, 1457671331.47, 6, 0, internal
2, 1457671331.67, 8, 0, recieved, 0, 7
2, 1457671331.87, 11, 0, recieved, 1, 10
2, 1457671332.07, 12, 0, internal
2, 1457671332.27, 13, 0, internal
2, 1457671332.47, 14, 0, sent, 2
2, 1457671332.67, 15, 0, internal
2, 1457671332.87, 16, 0, internal
2, 1457671333.07, 17, 0, internal
2, 1457671333.27, 19, 0, recieved, 0, 18
2, 1457671333.47, 20, 0, internal
2, 1457671333.67, 21, 0, internal
2, 1457671333.87, 26, 0, recieved, 0, 25
2, 1457671334.07, 27, 0, sent, 3
2, 1457671334.27, 28, 0, sent, 1
2, 1457671334.47, 31, 0, recieved, 1, 30
2, 1457671334.67, 32, 0, internal
2, 1457671334.87, 33, 0, recieved, 0, 32
2, 1457671335.07, 36, 0, recieved, 1, 35
2, 1457671335.27, 37, 0, recieved, 0, 35
2, 1457671335.47, 38, 0, sent, 2
2, 1457671335.67, 41, 0, recieved, 1, 40
2, 1457671335.87, 42, 0, internal
2, 1457671336.07, 43, 0, internal
2, 1457671336.27, 45, 0, recieved, 1, 44
2, 1457671336.46, 46, 0, sent, 1
2, 1457671336.67, 49, 0, recieved, 1, 48
2, 1457671336.87, 51, 0, recieved, 1, 50
2, 1457671337.07, 52, 0, internal
2, 1457671337.27, 53, 0, internal
2, 1457671337.47, 54, 0, sent, 3
2, 1457671337.67, 58, 0, recieved, 1, 57
2, 1457671337.87, 59, 0, internal
2, 1457671338.07, 60, 0, internal
2, 1457671338.27, 61, 0, sent, 2
2, 1457671338.47, 63, 0, recieved, 0, 62
2, 1457671338.67, 65, 1, recieved, 1, 64
2, 1457671338.87, 66, 1, recieved, 1, 65
2, 1457671339.07, 68, 0, recieved, 0, 67
2, 1457671339.27, 69, 0, internal
2, 1457671339.47, 71, 1, recieved, 0, 70
2, 1457671339.67, 72, 0, recieved, 1, 71
2, 1457671339.87, 73, 1, recieved, 0, 72
2, 1457671340.07, 74, 0, recieved, 0, 73
2, 1457671340.27, 75, 0, internal
2, 1457671340.47, 80, 0, recieved, 1, 79
2, 1457671340.67, 81, 0, recieved, 1, 80
2, 1457671340.87, 82, 0, recieved, 0, 81
2, 1457671341.07, 83, 0, internal
2, 1457671341.27, 86, 0, recieved, 1, 85
2, 1457671341.47, 87, 0, recieved, 0, 85
2, 1457671341.67, 89, 1, recieved, 1, 88
2, 1457671341.87, 90, 1, recieved, 0, 86
2, 1457671342.07, 91, 0, recieved, 1, 90
2, 1457671342.27, 94, 0, recieved, 0, 93
2, 1457671342.47, 96, 0, recieved, 1, 95
2, 1457671342.67, 97, 0, recieved, 1, 96
2, 1457671342.87, 98, 0, sent, 2
2, 1457671343.07, 99, 0, sent, 1
2, 1457671343.27, 100, 0, internal
2, 1457671343.47, 101, 0, internal
2, 1457671343.67, 104, 0, recieved, 0, 103
2, 1457671343.87, 105, 0, sent, 3
2, 1457671344.07, 106, 0, internal
2, 1457671344.27, 110, 1, recieved, 1, 109
2, 1457671344.47, 111, 1, recieved, 0, 107
2, 1457671344.67, 112, 0, recieved, 1, 111
2, 1457671344.87, 115, 0, recieved, 1, 114
2, 1457671345.07, 116, 0, sent, 1
2, 1457671345.27, 117, 0, internal
2, 1457671345.47, 118, 0, internal
2, 1457671345.67, 121, 0, recieved, 0, 120
2, 1457671345.87, 122, 1, recieved, 0, 121
2, 1457671346.07, 123, 0, recieved, 1, 122
2, 1457671346.27, 124, 0, sent, 1
2, 1457671346.47, 125, 0, sent, 1
2, 1457671346.67, 130, 0, recieved, 1, 129
2, 1457671346.87, 131, 0, recieved, 0, 130
2, 1457671347.07, 132, 0, sent, 2
2, 1457671347.27, 133, 0, recieved, 0, 132
2, 1457671347.47, 134, 0, sent, 1
2, 1457671347.67, 135, 0, internal
2, 1457671347.87, 136, 0, internal
2, 1457671348.07, 141, 0, recieved, 1, 140
2, 1457671348.27, 143, 0, recieved, 1, 142
2, 1457671348.47, 144, 0, internal
2, 1457671348.67, 145, 0, internal
2, 1457671348.87, 147, 0, recieved, 1, 146
2, 1457671349.07, 148, 0, sent, 2
2, 1457671349.27, 149, 0, sent, 2
2, 1457671349.47, 150, 0, internal
2, 1457671349.67, 154, 0, recieved, 1, 153
2, 1457671349.87, 155, 0, internal
2, 1457671350.07, 157, 0, recieved, 0, 156
2, 1457671350.27, 158, 0, recieved, 0, 157
2, 1457671350.47, 159, 0, internal
2, 1457671350.67, 160, 0, sent, 2
2, 1457671350.87, 161, 0, internal
2, 1457671351.07, 162, 0, sent, 1
2, 1457671351.27, 167, 0, recieved, 1, 166
2, 1457671351.47, 168, 0, recieved, 0, 165
2, 1457671351.67, 169, 0, internal
2, 1457671351.87, 170, 0, sent, 3
2, 1457671352.07, 171, 0, internal
2, 1457671352.27, 172, 0, internal
2, 1457671352.47, 173, 0, internal
2, 1457671352.67, 177, 0, recieved, 1, 176
2, 1457671352.87, 178, 0, internal
2, 1457671353.07, 179, 0, internal
2, 1457671353.27, 180, 0, internal
2, 1457671353.47, 181, 0, sent, 2
2, 1457671353.67, 186, 0, recieved, 1, 185
2, 1457671353.87, 188, 1, recieved, 0, 187
2, 1457671354.07, 189, 0, recieved, 1, 187
2, 1457671354.27, 190, 0, recieved, 0, 189
2, 1457671354.47, 192, 0, recieved, 1, 191
2, 1457671354.67, 193, 0, recieved, 0, 191
2, 1457671354.87, 194, 0, recieved, 0, 193
2, 1457671355.07, 195, 0, recieved, 0, 194
2, 1457671355.27, 198, 1, recieved, 1, 197
2, 1457671355.47, 199, 1, recieved, 0, 195
2, 1457671355.67, 200, 1, recieved, 0, 196
2, 1457671355.87, 202, 0, recieved, 1, 201
2, 1457671356.07, 205, 0, recieved, 0, 204
2, 1457671356.27, 207, 0, recieved, 1, 206
2, 1457671356.47, 208, 0, internal
2, 1457671356.67, 209, 0, internal
2, 1457671356.87, 210, 1, recieved, 0, 209
2, 1457671357.07, 212, 0, recieved, 1, 211
2, 1457671357.27, 214, 0, recieved, 1, 213
2, 1457671357.47, 215, 0, internal
2, 1457671357.67, 217, 0, recieved, 0, 216
2, 1457671357.87, 219, 1, recieved, 1, 218
2, 1457671358.07, 220, 0, recieved, 0, 218
2, 1457671358.27, 221, 0, internal
2, 1457671358.47, 222, 0, internal
2, 1457671358.67, 226, 0, recieved, 1, 225
2, 1457671358.87, 227, 0, internal
2, 1457671359.07, 229, 0, recieved, 1, 228
2, 1457671359.27, 230, 0, sent, 1
2, 1457671359.47, 231, 0, internal
2, 1457671359.67, 232, 0, sent, 2
2, 1457671359.87, 233, 0, internal
2, 1457671360.07, 234, 0, sent, 2
2, 1457671360.27, 235, 0, internal
2, 1457671360.47, 236, 0, internal
2, 1457671360.67, 240, 0, recieved, 0, 239
2, 1457671360.87, 241, 0, internal
2, 1457671361.07, 242, 0, internal
2, 1457671361.27, 243, 0, sent, 1
2, 1457671361.47, 244, 0, sent, 3
2, 1457671361.67, 245, 0, sent, 3
2, 1457671361.87, 246, 0, internal
2, 1457671362.07, 247, 0, internal
2, 1457671362.27, 248, 0, sent, 3
2, 1457671362.47, 249, 0, internal
2, 1457671362.67, 250, 0, internal
2, 1457671362.87, 251, 0, sent, 1
2, 1457671363.07, 261, 0, recieved, 1, 260
2, 1457671363.27, 263, 0, recieved, 1, 262
2, 1457671363.47, 264, 0, internal
2, 1457671363.67, 265, 0, recieved, 0, 264
2, 1457671363.87, 266, 1, recieved, 0, 265
2, 1457671364.07, 267, 0, recieved, 0, 266
2, 1457671364.27, 268, 0, sent, 3
2, 1457671364.47, 269, 0, sent, 2
2, 1457671364.67, 270, 0, internal
2, 1457671364.87, 272, 0, recieved, 0, 271
2, 1457671365.07, 273, 0, sent, 2
2, 1457671365.27, 274, 0, sent, 2
2, 1457671365.47, 275, 0, internal
2, 1457671365.67, 276, 0, internal
2, 1457671365.87, 277, 0, internal
2, 1457671366.07, 278, 0, internal
2, 1457671366.27, 279, 0, internal
2, 1457671366.47, 280, 0, sent, 2
2, 1457671366.67, 290, 0, recieved, 1, 289
2, 1457671366.87, 291, 0, internal
2, 1457671367.07, 293, 0, recieved, 0, 292
2, 1457671367.27, 294, 0, sent, 3
2, 1457671367.47, 295, 0, internal
2, 1457671367.67, 296, 0, internal
2, 1457671367.87, 297, 0, internal
2, 1457671368.07, 298, 0, sent, 3
2, 1457671368.27, 299, 0, sent, 1
2, 1457671368.47, 304, 0, recieved, 1, 303
2, 1457671368.67, 305, 0, internal
2, 1457671368.87, 307, 0, recieved, 1, 306
2, 1457671369.07, 309, 0, recieved, 1, 308
2, 1457671369.27, 311, 0, recieved, 0, 310
2, 1457671369.47, 312, 0, recieved, 0, 311
2, 1457671369.67, 315, 0, recieved, 1, 314
2, 1457671369.87, 316, 1, recieved, 0, 315
2, 1457671370.07, 317, 0, recieved, 0, 316
2, 1457671370.27, 318, 0, internal
2, 1457671370.47, 322, 0, recieved, 1, 321
2, 1457671370.67, 323, 0, recieved, 1, 322
2, 1457671370.87, 325, 0, recieved, 0, 324
2, 1457671371.07, 326, 0, recieved, 0, 325
2, 1457671371.27, 327, 0, internal
2, 1457671371.47, 328, 0, internal
2, 1457671371.67, 329, 0, internal
2, 1457671371.87, 334, 0, recieved, 1, 333
2, 1457671372.07, 335, 0, internal
2, 1457671372.27, 336, 0, recieved, 0, 335
2, 1457671372.47, 337, 0, sent, 3
2, 1457671372.67, 340, 0, recieved, 1, 339
2, 1457671372.87, 342, 0, recieved, 1, 341
2, 1457671373.07, 343, 0, sent, 2
2, 1457671373.27, 344, 0, internal
2, 1457671373.47, 345, 0, internal
2, 1457671373.67, 348, 1, recieved, 1, 347
2, 1457671373.87, 349, 1, recieved, 0, 346
2, 1457671374.07, 351, 1, recieved, 1, 350
2, 1457671374.27, 352, 0, recieved, 1, 351
2, 1457671374.47, 355, 1, recieved, 0, 354
2, 1457671374.67, 356, 0, recieved, 1, 354
2, 1457671374.87, 358, 0, recieved, 0, 357
2, 1457671375.07, 359, 0, internal
2, 1457671375.27, 361, 0, recieved, 1, 360
2, 1457671375.47, 362, 0, recieved, 0, 360
2, 1457671375.66, 363, 0, internal
2, 1457671375.87, 364, 0, internal
2, 1457671376.07, 365, 0, internal
2, 1457671376.27, 369, 0, recieved, 0, 368
2, 1457671376.47, 372, 0, recieved, 1, 371
2, 1457671376.67, 373, 0, recieved, 1, 372
2, 1457671376.87, 374, 0, internal
2, 1457671377.07, 375, 0, sent, 3
2, 1457671377.27, 376, 0, internal
2, 1457671377.47, 379, 0, recieved, 0, 378
2, 1457671377.67, 382, 0, recieved, 1, 381
2, 1457671377.87, 383, 0, internal
2, 1457671378.07, 384, 0, recieved, 0, 382
2, 1457671378.27, 385, 0, internal
2, 1457671378.47, 389, 0, recieved, 1, 388
2, 1457671378.67, 390, 0, internal
2, 1457671378.87, 391, 0, recieved, 0, 386
2, 1457671379.07, 392, 0, recieved, 0, 388
2, 1457671379.27, 393, 0, recieved, 0, 389
2, 1457671379.47, 397, 0, recieved, 1, 396
2, 1457671379.67, 399, 0, recieved, 1, 398
2, 1457671379.87, 400, 0, recieved, 1, 399
2, 1457671380.07, 401, 0, internal
2, 1457671380.27, 402, 0, sent, 3
2, 1457671380.47, 403, 0, internal
2, 1457671380.67, 406, 0, recieved, 1, 405
2, 1457671380.87, 408, 1, recieved, 0, 407
2, 1457671381.07, 409, 0, recieved, 0, 408
2, 1457671381.27, 412, 0, recieved, 1, 411
2, 1457671381.47, 414, 0, recieved, 1, 413
2, 1457671381.67, 415, 0, sent, 3
2, 1457671381.87, 418, 0, recieved, 1, 417
2, 1457671382.07, 419, 0, sent, 3
2, 1457671382.27, 420, 0, internal
2, 1457671382.47, 421, 0, internal
2, 1457671382.67, 422, 0, internal
2, 1457671382.87, 424, 0, recieved, 0, 423
2, 1457671383.07, 425, 0, internal
2, 1457671383.27, 427, 0, recieved, 0, 426
2, 1457671383.47, 431, 0, recieved, 1, 430
2, 1457671383.67, 432, 0, sent, 3
2, 1457671383.87, 435, 0, recieved, 1, 434
2, 1457671384.07, 436, 0, recieved, 0, 435
2, 1457671384.27, 438, 0, recieved, 1, 437
2, 1457671384.47, 439, 0, recieved, 1, 438
2, 1457671384.67, 440, 0, internal
2, 1457671384.87, 441, 0, recieved, 0, 440
2, 1457671385.07, 443, 0, recieved, 0, 442
2, 1457671385.27, 444, 0, internal
2, 1457671385.47, 445, 0, recieved, 0, 444
2, 1457671385.67, 446, 0, internal
2, 1457671385.87, 447, 0, internal
2, 1457671386.07, 452, 0, recieved, 1, 451
2, 1457671386.27, 453, 1, recieved, 0, 449
2, 1457671386.47, 454, 0, recieved, 1, 453
2, 1457671386.67, 455, 0, internal
2, 1457671386.87, 456, 0, sent, 1
2, 1457671387.07, 457, 0, internal
2, 1457671387.27, 458, 0, sent, 1
2, 1457671387.47, 459, 0, internal
2, 1457671387.67, 464, 1, recieved, 1, 463
2, 1457671387.87, 465, 0, recieved, 1, 464
2, 1457671388.07, 466, 0, internal
2, 1457671388.27, 467, 0, internal
2, 1457671388.47, 468, 0, sent, 3
2, 1457671388.67, 469, 0, sent, 3
2, 1457671388.87, 472, 0, recieved, 0, 471
2, 1457671389.07, 473, 0, recieved, 0, 472
2, 1457671389.27, 474, 0, recieved, 0, 473
2, 1457671389.47, 475, 0, recieved, 0, 474
2, 1457671389.67, 481, 0, recieved, 1, 480
2, 1457671389.87, 482, 1, recieved, 0, 476
2, 1457671390.07, 483, 0, recieved, 1, 482
2, 1457671390.27, 485, 1, recieved, 1, 484
2, 1457671390.47, 486, 1, recieved, 0, 484
2, 1457671390.67, 487, 0, recieved, 1, 486
