1, 1457670968.99, 2, 0, internal
1, 1457670969.32, 3, 0, recieved, 0, 2
1, 1457670969.65, 6, 0, recieved, 0, 5
1, 1457670969.99, 7, 0, internal
1, 1457670970.32, 9, 0, recieved, 0, 8
1, 1457670970.65, 10, 0, internal
1, 1457670970.99, 11, 0, sent, 1
1, 1457670971.32, 12, 0, internal
1, 1457670971.65, 14, 0, recieved, 2, 13
1, 1457670971.99, 15, 0, recieved, 2, 14
1, 1457670972.32, 16, 0, internal
1, 1457670972.65, 17, 0, internal
1, 1457670972.99, 18, 0, sent, 1
1, 1457670973.32, 19, 0, internal
1, 1457670973.65, 20, 0, internal
1, 1457670973.99, 26, 1, recieved, 2, 25
1, 1457670974.32, 27, 0, recieved, 0, 26
1, 1457670974.65, 28, 0, sent, 1
1, 1457670974.99, 33, 0, recieved, 0, 32
1, 1457670975.32, 34, 0, sent, 1
1, 1457670975.65, 35, 0, internal
1, 1457670975.99, 39, 0, recieved, 0, 38
1, 1457670976.32, 40, 0, internal
1, 1457670976.65, 41, 0, recieved, 0, 40
1, 1457670976.99, 42, 0, sent, 3
1, 1457670977.32, 43, 0, internal
1, 1457670977.65, 47, 0, recieved, 2, 46
1, 1457670977.99, 48, 0, internal
1, 1457670978.32, 50, 0, recieved, 2, 49
1, 1457670978.65, 52, 0, recieved, 0, 51
1, 1457670978.99, 53, 0, internal
1, 1457670979.32, 54, 0, recieved, 2, 52
1, 1457670979.65, 55, 0, sent, 2
1, 1457670979.99, 56, 0, internal
1, 1457670980.32, 61, 0, recieved, 0, 60
1, 1457670980.65, 63, 0, recieved, 0, 62
1, 1457670980.99, 64, 0, sent, 2
1, 1457670981.32, 66, 0, recieved, 0, 65
1, 1457670981.65, 67, 0, recieved, 0, 66
1, 1457670981.99, 69, 0, recieved, 2, 68
1, 1457670982.32, 70, 0, internal
1, 1457670982.65, 71, 0, sent, 2
1, 1457670982.99, 75, 0, recieved, 0, 74
1, 1457670983.32, 76, 0, internal
1, 1457670983.65, 77, 0, recieved, 0, 76
1, 1457670983.99, 79, 0, recieved, 0, 78
1, 1457670984.32, 80, 0, internal
1, 1457670984.65, 83, 0, recieved, 0, 82
1, 1457670984.99, 84, 1, recieved, 0, 83
1, 1457670985.32, 85, 0, recieved, 0, 84
1, 1457670985.65, 86, 0, internal
1, 1457670985.99, 87, 0, sent, 1
1, 1457670986.32, 88, 0, internal
1, 1457670986.65, 89, 0, internal
1, 1457670986.99, 92, 0, recieved, 2, 91
1, 1457670987.32, 93, 0, internal
1, 1457670987.65, 94, 0, internal
1, 1457670987.99, 95, 0, internal
1, 1457670988.32, 101, 0, recieved, 2, 100
1, 1457670988.65, 102, 0, internal
1, 1457670988.99, 103, 1, recieved, 2, 102
1, 1457670989.32, 105, 0, recieved, 0, 104
1, 1457670989.65, 107, 0, recieved, 0, 106
1, 1457670989.99, 108, 0, internal
1, 1457670990.32, 112, 0, recieved, 2, 111
1, 1457670990.65, 113, 0, recieved, 2, 112
1, 1457670990.99, 114, 0, internal
1, 1457670991.32, 115, 0, recieved, 2, 114
1, 1457670991.65, 116, 0, internal
1, 1457670991.99, 120, 0, recieved, 0, 119
1, 1457670992.32, 121, 0, internal
1, 1457670992.65, 122, 0, internal
1, 1457670992.99, 123, 0, sent, 3
1, 1457670993.32, 124, 0, sent, 2
1, 1457670993.65, 125, 0, sent, 2
1, 1457670993.99, 126, 0, sent, 3
1, 1457670994.32, 127, 0, internal
1, 1457670994.65, 128, 0, internal
1, 1457670994.99, 136, 0, recieved, 0, 135
1, 1457670995.32, 137, 0, internal
1, 1457670995.65, 138, 0, internal
1, 1457670995.99, 139, 0, internal
1, 1457670996.32, 140, 0, internal
1, 1457670996.65, 145, 0, recieved, 0, 144
1, 1457670996.99, 146, 0, sent, 1
1, 1457670997.32, 147, 0, recieved, 2, 146
1, 1457670997.65, 148, 0, internal
1, 1457670997.99, 149, 0, internal
1, 1457670998.32, 153, 0, recieved, 0, 152
1, 1457670998.65, 154, 0, recieved, 2, 152
1, 1457670998.99, 155, 0, recieved, 2, 153
1, 1457670999.32, 156, 0, sent, 1
1, 1457670999.65, 157, 0, recieved, 2, 156
1, 1457670999.99, 158, 0, internal
1, 1457671000.32, 159, 0, internal
1, 1457671000.65, 160, 0, internal
1, 1457671000.99, 161, 0, internal
1, 1457671001.32, 168, 0, recieved, 2, 167
1, 1457671001.65, 170, 0, recieved, 0, 169
1, 1457671001.99, 171, 0, sent, 1
1, 1457671002.32, 172, 0, sent, 3
1, 1457671002.65, 173, 0, internal
1, 1457671002.99, 176, 0, recieved, 0, 175
1, 1457671003.32, 177, 0, recieved, 2, 175
1, 1457671003.65, 179, 0, recieved, 0, 178
1, 1457671003.99, 180, 0, sent, 3
1, 1457671004.32, 181, 0, sent, 2
1, 1457671004.65, 184, 0, recieved, 0, 183
1, 1457671004.99, 185, 0, internal
1, 1457671005.32, 186, 1, recieved, 2, 185
1, 1457671005.65, 188, 0, recieved, 0, 187
1, 1457671005.99, 189, 0, internal
1, 1457671006.32, 190, 0, internal
1, 1457671006.65, 192, 0, recieved, 2, 191
1, 1457671006.99, 193, 0, recieved, 2, 192
1, 1457671007.32, 198, 0, recieved, 0, 197
1, 1457671007.65, 199, 0, internal
1, 1457671007.99, 200, 0, internal
1, 1457671008.32, 201, 0, internal
1, 1457671008.65, 202, 0, sent, 2
1, 1457671008.99, 207, 0, recieved, 0, 206
1, 1457671009.32, 208, 0, internal
1, 1457671009.65, 209, 0, internal
1, 1457671009.99, 210, 0, internal
1, 1457671010.32, 211, 0, internal
1, 1457671010.65, 215, 0, recieved, 0, 214
1, 1457671010.99, 217, 0, recieved, 0, 216
1, 1457671011.32, 218, 0, internal
1, 1457671011.65, 219, 1, recieved, 2, 218
1, 1457671011.99, 220, 2, recieved, 0, 219
1, 1457671012.32, 221, 1, recieved, 0, 220
1, 1457671012.65, 222, 1, recieved, 0, 221
1, 1457671012.99, 225, 1, recieved, 0, 224
1, 1457671013.32, 226, 0, recieved, 0, 225
1, 1457671013.65, 229, 0, recieved, 0, 228
1, 1457671013.99, 230, 0, internal
1, 1457671014.32, 231, 0, internal
1, 1457671014.65, 234, 1, recieved, 0, 233
1, 1457671014.99, 235, 1, recieved, 0, 234
1, 1457671015.32, 236, 0, recieved, 0, 235
1, 1457671015.65, 239, 0, recieved, 0, 238
1, 1457671015.99, 240, 0, internal
1, 1457671016.32, 241, 0, internal
1, 1457671016.65, 242, 0, sent, 1
1, 1457671016.99, 243, 0, internal
1, 1457671017.32, 247, 0, recieved, 2, 246
1, 1457671017.65, 248, 0, internal
1, 1457671017.99, 252, 0, recieved, 0, 251
1, 1457671018.32, 253, 1, recieved, 2, 251
1, 1457671018.65, 254, 0, recieved, 2, 252
1, 1457671018.99, 255, 0, internal
1, 1457671019.32, 256, 0, internal
1, 1457671019.65, 257, 0, internal
1, 1457671019.99, 258, 0, internal
1, 1457671020.32, 263, 0, recieved, 0, 262
1, 1457671020.65, 264, 0, internal
1, 1457671020.99, 265, 0, internal
1, 1457671021.32, 266, 1, recieved, 2, 265
1, 1457671021.65, 267, 0, recieved, 2, 266
1, 1457671021.99, 272, 0, recieved, 0, 271
1, 1457671022.32, 273, 0, internal
1, 1457671022.65, 274, 0, internal
1, 1457671022.99, 275, 0, recieved, 2, 272
1, 1457671023.32, 276, 0, recieved, 2, 274
1, 1457671023.65, 277, 0, internal
1, 1457671023.99, 281, 0, recieved, 0, 280
1, 1457671024.32, 282, 0, internal
1, 1457671024.65, 283, 0, internal
1, 1457671024.99, 287, 0, recieved, 0, 286
1, 1457671025.32, 288, 0, recieved, 0, 287
1, 1457671025.65, 290, 0, recieved, 0, 289
1, 1457671025.99, 291, 0, internal
1, 1457671026.32, 292, 0, internal
1, 1457671026.65, 293, 0, internal
1, 1457671026.99, 296, 0, recieved, 2, 295
1, 1457671027.32, 297, 0, recieved, 2, 296
1, 1457671027.65, 300, 0, recieved, 0, 299
1, 1457671027.99, 303, 0, recieved, 0, 302
1, 1457671028.32, 304, 0, recieved, 2, 300
1, 1457671028.65, 305, 0, recieved, 0, 304
