1, 1457671632.49, 2, 0, internal
1, 1457671632.83, 3, 0, internal
1, 1457671633.16, 4, 0, internal
1, 1457671633.49, 9, 0, recieved, 0, 8
1, 1457671633.83, 10, 0, internal
1, 1457671634.16, 14, 0, recieved, 0, 13
1, 1457671634.49, 15, 0, internal
1, 1457671634.83, 16, 0, recieved, 2, 15
1, 1457671635.16, 17, 0, internal
1, 1457671635.49, 18, 0, sent, 1
1, 1457671635.83, 19, 0, internal
1, 1457671636.16, 20, 0, recieved, 2, 19
1, 1457671636.49, 21, 0, internal
1, 1457671636.83, 22, 0, internal
1, 1457671637.16, 40, 0, recieved, 0, 39
1, 1457671637.49, 41, 0, internal
1, 1457671637.83, 42, 0, internal
1, 1457671638.16, 43, 0, internal
1, 1457671638.49, 44, 0, internal
1, 1457671638.83, 45, 0, internal
1, 1457671639.16, 46, 0, sent, 2
1, 1457671639.49, 47, 0, internal
1, 1457671639.83, 60, 0, recieved, 0, 59
1, 1457671640.16, 64, 0, recieved, 0, 63
1, 1457671640.49, 65, 0, internal
1, 1457671640.83, 66, 0, recieved, 2, 64
1, 1457671641.16, 67, 0, recieved, 2, 65
1, 1457671641.49, 68, 0, internal
1, 1457671641.83, 69, 0, internal
1, 1457671642.16, 70, 0, internal
1, 1457671642.49, 71, 0, internal
1, 1457671642.83, 84, 0, recieved, 0, 83
1, 1457671643.16, 85, 0, internal
1, 1457671643.49, 86, 0, internal
1, 1457671643.83, 92, 0, recieved, 0, 91
1, 1457671644.16, 93, 0, internal
1, 1457671644.49, 94, 0, internal
1, 1457671644.83, 100, 1, recieved, 0, 99
1, 1457671645.16, 101, 2, recieved, 0, 100
1, 1457671645.49, 102, 2, recieved, 0, 101
1, 1457671645.83, 103, 1, recieved, 0, 102
1, 1457671646.16, 106, 2, recieved, 0, 105
1, 1457671646.49, 110, 1, recieved, 0, 109
1, 1457671646.83, 111, 0, recieved, 0, 110
1, 1457671647.16, 119, 0, recieved, 0, 118
1, 1457671647.49, 122, 0, recieved, 0, 121
1, 1457671647.83, 125, 0, recieved, 0, 124
1, 1457671648.16, 126, 0, internal
1, 1457671648.49, 127, 0, recieved, 2, 126
1, 1457671648.83, 131, 0, recieved, 0, 130
1, 1457671649.16, 134, 0, recieved, 0, 133
1, 1457671649.49, 135, 0, internal
1, 1457671649.83, 136, 0, sent, 2
1, 1457671650.16, 142, 0, recieved, 0, 141
1, 1457671650.49, 145, 0, recieved, 0, 144
1, 1457671650.83, 146, 0, sent, 2
1, 1457671651.16, 147, 0, internal
1, 1457671651.49, 148, 0, internal
1, 1457671651.83, 156, 0, recieved, 0, 155
1, 1457671652.16, 157, 0, internal
1, 1457671652.49, 158, 0, recieved, 2, 151
1, 1457671652.83, 159, 0, internal
1, 1457671653.16, 166, 0, recieved, 0, 165
1, 1457671653.49, 167, 0, recieved, 2, 154
1, 1457671653.83, 172, 0, recieved, 0, 171
1, 1457671654.16, 173, 0, internal
1, 1457671654.49, 174, 0, internal
1, 1457671654.83, 175, 0, internal
1, 1457671655.16, 176, 0, sent, 1
1, 1457671655.49, 177, 0, internal
1, 1457671655.83, 178, 0, internal
1, 1457671656.16, 189, 0, recieved, 2, 188
1, 1457671656.49, 190, 0, internal
1, 1457671656.83, 196, 0, recieved, 0, 195
1, 1457671657.16, 197, 0, recieved, 2, 192
1, 1457671657.49, 198, 0, internal
1, 1457671657.83, 204, 0, recieved, 0, 203
1, 1457671658.16, 205, 0, internal
1, 1457671658.49, 206, 0, internal
1, 1457671658.83, 207, 0, internal
1, 1457671659.16, 208, 0, sent, 1
1, 1457671659.49, 209, 0, internal
1, 1457671659.83, 210, 0, internal
1, 1457671660.16, 211, 0, internal
1, 1457671660.49, 212, 0, internal
1, 1457671660.83, 213, 0, internal
1, 1457671661.16, 232, 0, recieved, 0, 231
1, 1457671661.49, 233, 0, internal
1, 1457671661.83, 235, 0, recieved, 0, 234
1, 1457671662.16, 236, 0, internal
1, 1457671662.49, 237, 0, internal
1, 1457671662.83, 238, 0, internal
1, 1457671663.16, 239, 0, internal
1, 1457671663.49, 249, 0, recieved, 0, 248
1, 1457671663.83, 250, 0, sent, 1
1, 1457671664.16, 251, 0, internal
1, 1457671664.49, 252, 0, internal
1, 1457671664.83, 261, 0, recieved, 0, 260
1, 1457671665.16, 262, 0, internal
1, 1457671665.49, 266, 0, recieved, 0, 265
1, 1457671665.83, 267, 0, internal
1, 1457671666.16, 268, 0, internal
1, 1457671666.49, 274, 0, recieved, 0, 273
1, 1457671666.83, 275, 0, recieved, 0, 274
1, 1457671667.16, 276, 0, internal
1, 1457671667.49, 282, 0, recieved, 0, 281
1, 1457671667.83, 283, 0, internal
1, 1457671668.16, 284, 0, internal
1, 1457671668.49, 290, 0, recieved, 0, 289
1, 1457671668.83, 291, 1, recieved, 0, 290
1, 1457671669.16, 293, 1, recieved, 0, 292
1, 1457671669.49, 294, 0, recieved, 2, 292
1, 1457671669.83, 295, 0, internal
1, 1457671670.16, 296, 0, internal
1, 1457671670.49, 297, 0, internal
1, 1457671670.83, 307, 1, recieved, 0, 306
1, 1457671671.16, 308, 1, recieved, 2, 302
1, 1457671671.49, 310, 0, recieved, 0, 309
1, 1457671671.83, 311, 0, internal
1, 1457671672.16, 312, 0, internal
1, 1457671672.49, 313, 0, internal
1, 1457671672.83, 314, 0, sent, 2
1, 1457671673.16, 327, 0, recieved, 0, 326
1, 1457671673.49, 329, 0, recieved, 0, 328
1, 1457671673.83, 330, 0, internal
1, 1457671674.16, 331, 0, internal
1, 1457671674.49, 332, 0, internal
1, 1457671674.83, 340, 0, recieved, 0, 339
1, 1457671675.16, 344, 0, recieved, 0, 343
1, 1457671675.49, 345, 0, recieved, 2, 340
1, 1457671675.83, 346, 0, internal
1, 1457671676.16, 347, 0, internal
1, 1457671676.49, 348, 0, internal
1, 1457671676.83, 356, 0, recieved, 0, 355
1, 1457671677.16, 357, 0, internal
1, 1457671677.49, 361, 0, recieved, 0, 360
1, 1457671677.83, 365, 0, recieved, 0, 364
1, 1457671678.16, 366, 0, internal
1, 1457671678.49, 367, 0, internal
1, 1457671678.83, 372, 0, recieved, 0, 371
1, 1457671679.16, 373, 0, internal
1, 1457671679.49, 374, 0, internal
1, 1457671679.83, 375, 0, internal
1, 1457671680.16, 382, 0, recieved, 0, 381
1, 1457671680.49, 383, 0, sent, 3
1, 1457671680.83, 384, 0, internal
1, 1457671681.16, 390, 0, recieved, 0, 389
1, 1457671681.49, 393, 0, recieved, 0, 392
1, 1457671681.83, 394, 0, recieved, 2, 391
1, 1457671682.16, 399, 0, recieved, 0, 398
1, 1457671682.49, 400, 0, internal
1, 1457671682.83, 401, 0, internal
1, 1457671683.16, 406, 0, recieved, 0, 405
1, 1457671683.49, 407, 0, internal
1, 1457671683.83, 412, 0, recieved, 0, 411
1, 1457671684.16, 416, 0, recieved, 0, 415
1, 1457671684.49, 417, 0, sent, 2
1, 1457671684.83, 418, 0, sent, 1
1, 1457671685.16, 419, 0, internal
1, 1457671685.49, 425, 0, recieved, 0, 424
1, 1457671685.83, 426, 0, internal
1, 1457671686.16, 432, 0, recieved, 0, 431
1, 1457671686.49, 434, 0, recieved, 0, 433
1, 1457671686.83, 437, 0, recieved, 0, 436
1, 1457671687.16, 438, 0, recieved, 2, 432
1, 1457671687.49, 439, 0, internal
1, 1457671687.83, 440, 0, internal
1, 1457671688.16, 441, 0, internal
1, 1457671688.49, 446, 0, recieved, 2, 445
1, 1457671688.83, 447, 0, internal
1, 1457671689.16, 448, 0, internal
1, 1457671689.49, 449, 0, internal
1, 1457671689.83, 461, 0, recieved, 0, 460
1, 1457671690.16, 462, 0, internal
1, 1457671690.49, 463, 0, internal
1, 1457671690.83, 464, 0, internal
1, 1457671691.16, 465, 0, internal
1, 1457671691.49, 466, 0, internal
1, 1457671691.83, 467, 0, internal
1, 1457671692.16, 468, 0, recieved, 2, 456
