0, 1457671149.99, 2, 0, sent, 1
0, 1457671150.48, 3, 0, recieved, 1, 2
0, 1457671150.98, 4, 0, internal
0, 1457671151.48, 5, 0, internal
0, 1457671151.98, 6, 0, internal
0, 1457671152.48, 7, 0, internal
0, 1457671152.98, 8, 0, sent, 2
0, 1457671153.48, 9, 0, sent, 3
0, 1457671153.98, 10, 0, internal
0, 1457671154.48, 11, 0, internal
0, 1457671154.98, 12, 0, internal
0, 1457671155.48, 13, 0, internal
0, 1457671155.98, 31, 0, recieved, 1, 30
0, 1457671156.48, 32, 0, internal
0, 1457671156.98, 37, 0, recieved, 1, 36
0, 1457671157.48, 38, 0, internal
0, 1457671157.98, 39, 0, internal
0, 1457671158.48, 40, 0, recieved, 2, 35
0, 1457671158.98, 46, 1, recieved, 1, 45
0, 1457671159.48, 47, 0, recieved, 1, 46
0, 1457671159.98, 48, 0, internal
0, 1457671160.48, 49, 0, internal
0, 1457671160.98, 50, 0, internal
0, 1457671161.48, 60, 0, recieved, 1, 59
0, 1457671161.98, 62, 0, recieved, 1, 61
0, 1457671162.48, 63, 0, internal
0, 1457671162.98, 64, 0, sent, 3
0, 1457671163.48, 65, 0, internal
0, 1457671163.98, 66, 0, sent, 2
0, 1457671164.48, 75, 0, recieved, 1, 74
0, 1457671164.98, 76, 0, internal
0, 1457671165.48, 77, 0, internal
0, 1457671165.98, 78, 0, internal
0, 1457671166.48, 85, 0, recieved, 1, 84
0, 1457671166.98, 86, 0, internal
0, 1457671167.48, 87, 0, sent, 1
0, 1457671167.98, 92, 0, recieved, 1, 91
0, 1457671168.48, 93, 0, internal
0, 1457671168.98, 97, 0, recieved, 1, 96
0, 1457671169.48, 98, 0, internal
0, 1457671169.98, 99, 0, internal
0, 1457671170.48, 100, 0, internal
0, 1457671170.98, 101, 0, sent, 3
0, 1457671171.48, 102, 0, internal
0, 1457671171.98, 103, 0, internal
0, 1457671172.48, 104, 0, internal
0, 1457671172.98, 105, 0, internal
0, 1457671173.48, 106, 0, internal
0, 1457671173.98, 107, 0, internal
0, 1457671174.48, 108, 0, internal
0, 1457671174.98, 109, 0, internal
0, 1457671175.48, 129, 0, recieved, 1, 128
0, 1457671175.98, 130, 0, internal
0, 1457671176.48, 134, 0, recieved, 1, 133
0, 1457671176.98, 135, 0, internal
0, 1457671177.48, 136, 0, internal
0, 1457671177.98, 137, 0, sent, 3
0, 1457671178.48, 145, 0, recieved, 1, 144
0, 1457671178.98, 146, 0, internal
0, 1457671179.48, 147, 0, internal
0, 1457671179.98, 148, 0, internal
0, 1457671180.48, 149, 0, sent, 1
0, 1457671180.98, 150, 0, internal
0, 1457671181.48, 151, 0, internal
0, 1457671181.98, 152, 0, internal
0, 1457671182.48, 164, 0, recieved, 1, 163
0, 1457671182.98, 165, 0, internal
0, 1457671183.48, 166, 0, internal
0, 1457671183.98, 167, 0, sent, 1
0, 1457671184.48, 168, 0, internal
0, 1457671184.98, 169, 0, internal
0, 1457671185.48, 170, 0, internal
0, 1457671185.98, 171, 0, internal
0, 1457671186.48, 184, 0, recieved, 1, 183
0, 1457671186.98, 185, 0, internal
0, 1457671187.48, 186, 0, sent, 1
0, 1457671187.98, 187, 0, sent, 1
0, 1457671188.48, 188, 0, recieved, 2, 185
0, 1457671188.98, 189, 0, internal
0, 1457671189.48, 199, 0, recieved, 1, 198
0, 1457671189.98, 200, 0, sent, 3
0, 1457671190.48, 201, 0, internal
0, 1457671190.98, 202, 0, internal
0, 1457671191.48, 209, 0, recieved, 1, 208
0, 1457671191.98, 211, 0, recieved, 1, 210
0, 1457671192.48, 212, 0, internal
0, 1457671192.98, 213, 0, sent, 2
0, 1457671193.48, 214, 0, internal
0, 1457671193.98, 215, 0, internal
0, 1457671194.48, 223, 1, recieved, 1, 222
0, 1457671194.98, 224, 1, recieved, 1, 223
0, 1457671195.48, 227, 0, recieved, 1, 226
0, 1457671195.98, 228, 0, internal
0, 1457671196.48, 229, 0, sent, 3
0, 1457671196.98, 230, 0, internal
0, 1457671197.48, 231, 0, internal
0, 1457671197.98, 232, 0, internal
0, 1457671198.48, 233, 0, internal
0, 1457671198.98, 234, 0, sent, 2
0, 1457671199.48, 235, 0, internal
0, 1457671199.98, 236, 0, internal
0, 1457671200.48, 237, 0, internal
0, 1457671200.98, 238, 0, sent, 1
0, 1457671201.48, 259, 0, recieved, 1, 258
0, 1457671201.98, 260, 0, internal
0, 1457671202.48, 263, 0, recieved, 1, 262
0, 1457671202.98, 264, 0, sent, 3
0, 1457671203.48, 269, 0, recieved, 1, 268
0, 1457671203.98, 271, 1, recieved, 1, 270
0, 1457671204.48, 272, 0, recieved, 1, 271
0, 1457671204.98, 273, 0, internal
0, 1457671205.48, 274, 0, internal
0, 1457671205.98, 275, 0, sent, 2
0, 1457671206.48, 283, 0, recieved, 1, 282
0, 1457671206.98, 284, 0, internal
0, 1457671207.48, 285, 0, internal
0, 1457671207.98, 291, 0, recieved, 1, 290
0, 1457671208.48, 292, 0, internal
0, 1457671208.98, 293, 0, sent, 3
0, 1457671209.48, 294, 0, internal
