1, 1457671330.86, 2, 0, sent, 1
1, 1457671330.99, 3, 0, sent, 3
1, 1457671331.11, 4, 0, internal
1, 1457671331.24, 5, 0, internal
1, 1457671331.36, 6, 0, recieved, 2, 5
1, 1457671331.49, 7, 0, internal
1, 1457671331.61, 8, 0, internal
1, 1457671331.74, 9, 0, internal
1, 1457671331.86, 10, 0, sent, 3
1, 1457671331.99, 11, 0, internal
1, 1457671332.11, 12, 0, internal
1, 1457671332.24, 13, 0, internal
1, 1457671332.36, 14, 0, recieved, 0, 13
1, 1457671332.49, 15, 0, recieved, 2, 14
1, 1457671332.61, 16, 0, internal
1, 1457671332.74, 17, 0, internal
1, 1457671332.86, 18, 0, internal
1, 1457671332.99, 19, 0, internal
1, 1457671333.11, 20, 0, internal
1, 1457671333.24, 21, 0, recieved, 0, 18
1, 1457671333.36, 22, 0, sent, 1
1, 1457671333.49, 23, 0, internal
1, 1457671333.61, 24, 0, internal
1, 1457671333.74, 25, 0, recieved, 0, 24
1, 1457671333.86, 26, 0, internal
1, 1457671333.99, 27, 0, internal
1, 1457671334.11, 28, 1, recieved, 0, 26
1, 1457671334.24, 29, 0, recieved, 2, 27
1, 1457671334.36, 30, 0, sent, 3
1, 1457671334.49, 31, 0, internal
1, 1457671334.61, 32, 0, internal
1, 1457671334.74, 33, 0, internal
1, 1457671334.86, 34, 0, internal
1, 1457671334.99, 35, 0, sent, 2
1, 1457671335.11, 36, 0, recieved, 0, 34
1, 1457671335.24, 37, 0, recieved, 0, 35
1, 1457671335.36, 38, 0, internal
1, 1457671335.49, 39, 0, recieved, 2, 38
1, 1457671335.61, 40, 0, sent, 2
1, 1457671335.74, 41, 0, internal
1, 1457671335.86, 42, 0, internal
1, 1457671335.99, 43, 0, internal
1, 1457671336.11, 44, 0, sent, 3
1, 1457671336.24, 45, 0, sent, 1
1, 1457671336.36, 46, 0, internal
1, 1457671336.49, 47, 0, sent, 1
1, 1457671336.61, 48, 0, sent, 3
1, 1457671336.74, 49, 0, sent, 1
1, 1457671336.86, 50, 0, sent, 2
1, 1457671336.99, 51, 0, internal
1, 1457671337.11, 52, 0, sent, 1
1, 1457671337.24, 53, 0, internal
1, 1457671337.36, 55, 0, recieved, 0, 54
1, 1457671337.49, 56, 0, recieved, 2, 54
1, 1457671337.61, 57, 0, sent, 3
1, 1457671337.74, 58, 0, internal
1, 1457671337.86, 59, 0, internal
1, 1457671337.99, 60, 0, internal
1, 1457671338.11, 61, 0, internal
1, 1457671338.24, 62, 0, recieved, 0, 61
1, 1457671338.36, 63, 0, recieved, 2, 61
1, 1457671338.49, 64, 0, sent, 3
1, 1457671338.61, 65, 0, sent, 3
1, 1457671338.74, 66, 0, internal
1, 1457671338.86, 67, 0, internal
1, 1457671338.99, 68, 0, internal
1, 1457671339.11, 69, 0, internal
1, 1457671339.24, 70, 0, recieved, 0, 69
1, 1457671339.36, 71, 0, sent, 2
1, 1457671339.49, 72, 0, recieved, 0, 70
1, 1457671339.61, 73, 0, internal
1, 1457671339.74, 74, 0, recieved, 0, 72
1, 1457671339.86, 75, 0, recieved, 0, 73
1, 1457671339.99, 76, 0, internal
1, 1457671340.11, 77, 0, internal
1, 1457671340.24, 78, 0, internal
1, 1457671340.36, 79, 0, sent, 3
1, 1457671340.49, 80, 0, sent, 2
1, 1457671340.61, 81, 0, internal
1, 1457671340.74, 82, 0, internal
1, 1457671340.86, 83, 0, internal
1, 1457671340.99, 84, 0, internal
1, 1457671341.11, 85, 0, sent, 2
1, 1457671341.24, 86, 0, internal
1, 1457671341.36, 87, 0, internal
1, 1457671341.49, 88, 0, sent, 2
1, 1457671341.61, 89, 0, recieved, 0, 86
1, 1457671341.74, 90, 0, sent, 3
1, 1457671341.86, 91, 0, internal
1, 1457671341.99, 92, 0, internal
1, 1457671342.11, 93, 0, recieved, 0, 92
1, 1457671342.24, 94, 0, internal
1, 1457671342.36, 95, 0, sent, 3
1, 1457671342.49, 96, 0, sent, 3
1, 1457671342.61, 97, 0, internal
1, 1457671342.74, 98, 0, internal
1, 1457671342.86, 99, 0, internal
1, 1457671342.99, 100, 0, recieved, 2, 98
1, 1457671343.11, 101, 0, sent, 1
1, 1457671343.24, 102, 0, internal
1, 1457671343.36, 103, 0, internal
1, 1457671343.49, 104, 0, internal
1, 1457671343.61, 105, 0, recieved, 0, 103
1, 1457671343.74, 106, 0, internal
1, 1457671343.86, 107, 0, internal
1, 1457671343.99, 108, 0, recieved, 2, 105
1, 1457671344.11, 109, 0, sent, 2
1, 1457671344.24, 110, 0, recieved, 0, 107
1, 1457671344.36, 111, 0, sent, 3
1, 1457671344.49, 112, 0, internal
1, 1457671344.61, 113, 0, internal
1, 1457671344.74, 114, 0, sent, 2
1, 1457671344.86, 115, 0, internal
1, 1457671344.99, 116, 0, internal
1, 1457671345.11, 117, 0, internal
1, 1457671345.24, 118, 0, sent, 1
1, 1457671345.36, 119, 0, internal
1, 1457671345.49, 120, 0, internal
1, 1457671345.61, 121, 0, recieved, 0, 120
1, 1457671345.74, 122, 0, sent, 3
1, 1457671345.86, 123, 0, internal
1, 1457671345.99, 124, 0, internal
1, 1457671346.11, 125, 0, internal
1, 1457671346.24, 126, 0, internal
1, 1457671346.36, 127, 0, internal
1, 1457671346.49, 128, 0, sent, 1
1, 1457671346.61, 129, 0, sent, 2
1, 1457671346.74, 130, 0, internal
1, 1457671346.86, 131, 0, internal
1, 1457671346.99, 132, 0, internal
1, 1457671347.11, 133, 0, recieved, 2, 132
1, 1457671347.24, 134, 0, recieved, 0, 132
1, 1457671347.36, 135, 0, internal
1, 1457671347.49, 136, 0, recieved, 0, 133
1, 1457671347.61, 137, 0, internal
1, 1457671347.74, 138, 0, sent, 1
1, 1457671347.86, 139, 0, internal
1, 1457671347.99, 140, 0, sent, 2
1, 1457671348.11, 141, 0, internal
1, 1457671348.24, 142, 0, sent, 3
1, 1457671348.36, 143, 0, internal
1, 1457671348.49, 144, 0, internal
1, 1457671348.61, 145, 0, internal
1, 1457671348.74, 146, 0, sent, 2
1, 1457671348.86, 147, 0, internal
1, 1457671348.99, 148, 0, internal
1, 1457671349.11, 149, 0, recieved, 2, 148
1, 1457671349.24, 150, 0, internal
1, 1457671349.36, 151, 0, recieved, 2, 149
1, 1457671349.49, 152, 0, internal
1, 1457671349.61, 153, 0, sent, 2
1, 1457671349.74, 154, 0, sent, 1
1, 1457671349.86, 155, 0, internal
1, 1457671349.99, 156, 0, internal
1, 1457671350.11, 157, 0, recieved, 0, 156
1, 1457671350.24, 158, 0, sent, 1
1, 1457671350.36, 159, 0, internal
1, 1457671350.49, 160, 0, internal
1, 1457671350.61, 161, 0, internal
1, 1457671350.74, 162, 0, recieved, 2, 160
1, 1457671350.86, 163, 0, internal
1, 1457671350.99, 164, 0, internal
1, 1457671351.11, 165, 0, internal
1, 1457671351.24, 166, 0, sent, 2
1, 1457671351.36, 167, 0, internal
1, 1457671351.49, 168, 0, internal
1, 1457671351.61, 169, 0, recieved, 0, 166
1, 1457671351.74, 170, 0, sent, 1
1, 1457671351.86, 171, 0, sent, 1
1, 1457671351.99, 172, 0, recieved, 2, 170
1, 1457671352.11, 173, 0, internal
1, 1457671352.24, 174, 0, internal
1, 1457671352.36, 175, 0, internal
1, 1457671352.49, 176, 0, sent, 2
1, 1457671352.61, 177, 0, internal
1, 1457671352.74, 178, 0, internal
1, 1457671352.86, 179, 0, internal
1, 1457671352.99, 180, 0, internal
1, 1457671353.11, 181, 0, recieved, 0, 178
1, 1457671353.24, 182, 0, recieved, 0, 179
1, 1457671353.36, 183, 0, internal
1, 1457671353.49, 184, 0, recieved, 2, 181
1, 1457671353.61, 185, 0, sent, 3
1, 1457671353.74, 186, 0, internal
1, 1457671353.86, 187, 0, sent, 2
1, 1457671353.99, 188, 0, internal
1, 1457671354.11, 189, 0, internal
1, 1457671354.24, 190, 0, internal
1, 1457671354.36, 191, 0, sent, 2
1, 1457671354.49, 192, 0, internal
1, 1457671354.61, 193, 0, recieved, 0, 191
1, 1457671354.74, 194, 0, internal
1, 1457671354.86, 195, 0, internal
1, 1457671354.99, 196, 0, recieved, 0, 193
1, 1457671355.11, 197, 0, sent, 2
1, 1457671355.24, 198, 0, internal
1, 1457671355.36, 199, 0, internal
1, 1457671355.49, 200, 0, recieved, 0, 196
1, 1457671355.61, 201, 0, sent, 2
1, 1457671355.74, 202, 0, sent, 1
1, 1457671355.86, 203, 0, internal
1, 1457671355.99, 204, 0, internal
1, 1457671356.11, 205, 0, internal
1, 1457671356.24, 206, 0, sent, 2
1, 1457671356.36, 207, 0, sent, 1
1, 1457671356.49, 208, 0, internal
1, 1457671356.61, 209, 0, internal
1, 1457671356.74, 210, 0, recieved, 0, 209
1, 1457671356.86, 211, 0, sent, 2
1, 1457671356.99, 212, 0, recieved, 0, 210
1, 1457671357.11, 213, 0, sent, 3
1, 1457671357.24, 214, 0, internal
1, 1457671357.36, 215, 0, internal
1, 1457671357.49, 216, 0, internal
1, 1457671357.61, 217, 0, recieved, 0, 216
1, 1457671357.74, 218, 0, sent, 2
1, 1457671357.86, 219, 0, internal
1, 1457671357.99, 220, 0, recieved, 0, 218
1, 1457671358.11, 221, 0, internal
1, 1457671358.24, 222, 0, internal
1, 1457671358.36, 223, 0, internal
1, 1457671358.49, 224, 0, internal
1, 1457671358.61, 225, 0, sent, 3
1, 1457671358.74, 226, 0, sent, 1
1, 1457671358.86, 227, 0, internal
1, 1457671358.99, 228, 0, sent, 3
1, 1457671359.11, 229, 0, internal
1, 1457671359.24, 230, 0, internal
1, 1457671359.36, 231, 0, internal
1, 1457671359.49, 232, 0, internal
1, 1457671359.61, 233, 0, sent, 1
1, 1457671359.74, 234, 0, recieved, 2, 232
1, 1457671359.86, 235, 0, internal
1, 1457671359.99, 236, 0, recieved, 0, 235
1, 1457671360.11, 237, 1, recieved, 0, 236
1, 1457671360.24, 238, 0, recieved, 2, 234
1, 1457671360.36, 239, 0, internal
1, 1457671360.49, 240, 0, internal
1, 1457671360.61, 241, 0, sent, 1
1, 1457671360.74, 242, 0, internal
1, 1457671360.86, 243, 0, internal
1, 1457671360.99, 244, 0, internal
1, 1457671361.11, 245, 0, internal
1, 1457671361.24, 246, 0, sent, 1
1, 1457671361.36, 247, 0, internal
1, 1457671361.49, 248, 0, recieved, 2, 244
1, 1457671361.61, 249, 0, sent, 1
1, 1457671361.74, 250, 0, recieved, 2, 245
1, 1457671361.86, 251, 0, internal
1, 1457671361.99, 252, 0, internal
1, 1457671362.11, 253, 0, internal
1, 1457671362.24, 254, 0, internal
1, 1457671362.36, 255, 0, recieved, 2, 248
1, 1457671362.49, 256, 0, sent, 1
1, 1457671362.61, 257, 0, internal
1, 1457671362.74, 258, 0, internal
1, 1457671362.86, 259, 0, internal
1, 1457671362.99, 260, 0, sent, 3
1, 1457671363.11, 261, 0, internal
1, 1457671363.24, 262, 0, sent, 3
1, 1457671363.36, 263, 0, internal
1, 1457671363.49, 264, 0, internal
1, 1457671363.61, 265, 0, recieved, 0, 264
1, 1457671363.74, 266, 0, recieved, 0, 265
1, 1457671363.86, 267, 0, internal
1, 1457671363.99, 268, 0, recieved, 0, 266
1, 1457671364.11, 269, 0, internal
1, 1457671364.24, 270, 0, internal
1, 1457671364.36, 271, 0, recieved, 2, 268
1, 1457671364.49, 272, 0, recieved, 2, 269
1, 1457671364.61, 273, 0, internal
1, 1457671364.74, 274, 0, recieved, 0, 271
1, 1457671364.86, 275, 0, internal
1, 1457671364.99, 276, 0, internal
1, 1457671365.11, 277, 0, recieved, 2, 273
1, 1457671365.24, 278, 0, internal
1, 1457671365.36, 279, 0, recieved, 2, 274
1, 1457671365.49, 280, 0, internal
1, 1457671365.61, 281, 0, internal
1, 1457671365.74, 282, 0, internal
1, 1457671365.86, 283, 0, sent, 1
1, 1457671365.99, 284, 0, internal
1, 1457671366.11, 285, 0, internal
1, 1457671366.24, 286, 0, internal
1, 1457671366.36, 287, 0, internal
1, 1457671366.49, 288, 0, recieved, 2, 280
1, 1457671366.61, 289, 0, sent, 3
1, 1457671366.74, 290, 0, internal
1, 1457671366.86, 291, 0, internal
1, 1457671366.99, 292, 0, internal
1, 1457671367.11, 293, 0, sent, 1
1, 1457671367.24, 294, 0, sent, 1
1, 1457671367.36, 295, 0, recieved, 2, 294
1, 1457671367.49, 296, 0, internal
1, 1457671367.61, 297, 0, internal
1, 1457671367.74, 298, 0, internal
1, 1457671367.86, 299, 0, internal
1, 1457671367.99, 300, 0, internal
1, 1457671368.11, 301, 0, recieved, 2, 298
1, 1457671368.24, 302, 0, internal
1, 1457671368.36, 303, 0, sent, 2
1, 1457671368.49, 304, 0, internal
1, 1457671368.61, 305, 0, recieved, 0, 302
1, 1457671368.74, 306, 0, sent, 2
1, 1457671368.86, 307, 0, internal
1, 1457671368.99, 308, 0, sent, 3
1, 1457671369.11, 309, 0, internal
1, 1457671369.24, 311, 0, recieved, 0, 310
1, 1457671369.36, 312, 0, internal
1, 1457671369.49, 313, 0, sent, 1
1, 1457671369.61, 314, 0, sent, 2
1, 1457671369.74, 316, 0, recieved, 0, 315
1, 1457671369.86, 317, 0, internal
1, 1457671369.99, 318, 0, recieved, 0, 316
1, 1457671370.11, 319, 0, internal
1, 1457671370.24, 320, 0, internal
1, 1457671370.36, 321, 0, sent, 3
1, 1457671370.49, 322, 0, sent, 2
1, 1457671370.61, 323, 0, internal
1, 1457671370.74, 324, 0, internal
1, 1457671370.86, 325, 0, recieved, 0, 324
1, 1457671370.99, 326, 0, internal
1, 1457671371.11, 327, 0, internal
1, 1457671371.24, 328, 0, internal
1, 1457671371.36, 329, 0, internal
1, 1457671371.49, 330, 0, internal
1, 1457671371.61, 331, 0, internal
1, 1457671371.74, 332, 0, sent, 1
1, 1457671371.86, 333, 0, sent, 3
1, 1457671371.99, 334, 0, internal
1, 1457671372.11, 335, 0, internal
1, 1457671372.24, 336, 0, internal
1, 1457671372.36, 337, 0, internal
1, 1457671372.49, 338, 0, recieved, 2, 337
1, 1457671372.61, 339, 0, sent, 3
1, 1457671372.74, 340, 0, internal
1, 1457671372.86, 341, 0, sent, 2
1, 1457671372.99, 342, 0, sent, 1
1, 1457671373.11, 344, 0, recieved, 2, 343
1, 1457671373.24, 345, 0, internal
1, 1457671373.36, 346, 0, recieved, 0, 345
1, 1457671373.49, 347, 0, sent, 2
1, 1457671373.61, 348, 0, recieved, 0, 346
1, 1457671373.74, 349, 0, internal
1, 1457671373.86, 350, 0, sent, 2
1, 1457671373.99, 351, 0, sent, 2
1, 1457671374.11, 352, 0, sent, 1
1, 1457671374.24, 353, 0, internal
1, 1457671374.36, 354, 0, sent, 3
1, 1457671374.49, 355, 0, recieved, 0, 354
1, 1457671374.61, 356, 0, internal
1, 1457671374.74, 357, 0, internal
1, 1457671374.86, 358, 0, recieved, 0, 357
1, 1457671374.99, 359, 0, internal
1, 1457671375.11, 360, 0, sent, 2
1, 1457671375.24, 361, 0, internal
1, 1457671375.36, 362, 0, internal
1, 1457671375.49, 363, 0, sent, 1
1, 1457671375.61, 364, 0, internal
1, 1457671375.74, 365, 0, internal
1, 1457671375.86, 367, 0, recieved, 0, 366
1, 1457671375.99, 368, 0, internal
1, 1457671376.11, 369, 0, recieved, 0, 367
1, 1457671376.24, 370, 0, internal
1, 1457671376.36, 371, 0, sent, 2
1, 1457671376.49, 372, 0, sent, 3
1, 1457671376.61, 373, 0, internal
1, 1457671376.74, 375, 0, recieved, 0, 374
1, 1457671376.86, 376, 0, internal
1, 1457671376.99, 377, 0, internal
1, 1457671377.11, 378, 0, recieved, 2, 375
1, 1457671377.24, 379, 0, internal
1, 1457671377.36, 380, 0, recieved, 0, 378
1, 1457671377.49, 381, 0, sent, 2
1, 1457671377.61, 382, 0, internal
1, 1457671377.74, 383, 0, internal
1, 1457671377.86, 384, 0, internal
1, 1457671377.99, 385, 0, internal
1, 1457671378.11, 386, 0, recieved, 0, 382
1, 1457671378.24, 387, 0, internal
1, 1457671378.36, 388, 0, sent, 2
1, 1457671378.49, 389, 0, internal
1, 1457671378.61, 390, 0, internal
1, 1457671378.74, 391, 0, recieved, 0, 386
1, 1457671378.86, 392, 0, internal
1, 1457671378.99, 393, 0, internal
1, 1457671379.11, 394, 0, recieved, 0, 388
1, 1457671379.24, 395, 0, recieved, 0, 389
1, 1457671379.36, 396, 0, sent, 2
1, 1457671379.49, 397, 0, sent, 1
1, 1457671379.61, 398, 0, sent, 3
1, 1457671379.74, 399, 0, sent, 3
1, 1457671379.86, 400, 0, internal
1, 1457671379.99, 401, 0, internal
1, 1457671380.11, 402, 0, internal
1, 1457671380.24, 403, 0, internal
1, 1457671380.36, 404, 0, recieved, 2, 402
1, 1457671380.49, 405, 0, sent, 3
1, 1457671380.61, 406, 0, internal
1, 1457671380.74, 408, 0, recieved, 0, 407
1, 1457671380.86, 409, 0, internal
1, 1457671380.99, 410, 0, sent, 1
1, 1457671381.11, 411, 0, sent, 3
1, 1457671381.24, 412, 0, internal
1, 1457671381.36, 413, 0, sent, 2
1, 1457671381.49, 414, 0, internal
1, 1457671381.61, 415, 0, sent, 1
1, 1457671381.74, 416, 0, recieved, 2, 415
1, 1457671381.86, 417, 0, sent, 2
1, 1457671381.99, 418, 0, internal
1, 1457671382.11, 420, 0, recieved, 2, 419
1, 1457671382.24, 421, 0, internal
1, 1457671382.36, 422, 0, internal
1, 1457671382.49, 423, 0, internal
1, 1457671382.61, 424, 0, internal
1, 1457671382.74, 425, 0, internal
1, 1457671382.86, 426, 0, recieved, 0, 424
1, 1457671382.99, 427, 0, internal
1, 1457671383.11, 428, 0, internal
1, 1457671383.24, 429, 0, internal
1, 1457671383.36, 430, 0, sent, 3
1, 1457671383.49, 431, 0, internal
1, 1457671383.61, 432, 0, internal
1, 1457671383.74, 433, 0, recieved, 2, 432
1, 1457671383.86, 434, 0, sent, 2
1, 1457671383.99, 435, 0, internal
1, 1457671384.11, 436, 0, internal
1, 1457671384.24, 437, 0, sent, 2
1, 1457671384.36, 438, 0, sent, 3
1, 1457671384.49, 439, 0, internal
1, 1457671384.61, 440, 0, internal
1, 1457671384.74, 441, 0, recieved, 0, 440
1, 1457671384.86, 442, 0, internal
1, 1457671384.99, 443, 0, internal
1, 1457671385.11, 444, 0, internal
1, 1457671385.24, 445, 0, internal
1, 1457671385.36, 446, 0, internal
1, 1457671385.49, 447, 0, internal
1, 1457671385.61, 448, 0, internal
1, 1457671385.74, 449, 0, internal
1, 1457671385.86, 450, 0, internal
1, 1457671385.99, 451, 0, sent, 2
1, 1457671386.11, 452, 0, internal
1, 1457671386.24, 453, 0, sent, 2
1, 1457671386.36, 454, 0, internal
1, 1457671386.49, 455, 0, internal
1, 1457671386.61, 456, 0, internal
1, 1457671386.74, 457, 0, recieved, 0, 452
1, 1457671386.86, 458, 0, internal
1, 1457671386.99, 459, 0, internal
1, 1457671387.11, 460, 0, internal
1, 1457671387.24, 461, 0, internal
1, 1457671387.36, 462, 0, sent, 1
1, 1457671387.49, 463, 0, sent, 3
1, 1457671387.61, 464, 0, sent, 3
1, 1457671387.74, 465, 0, internal
1, 1457671387.86, 466, 0, internal
1, 1457671387.99, 467, 0, internal
1, 1457671388.11, 468, 0, internal
1, 1457671388.24, 469, 0, internal
1, 1457671388.36, 470, 0, internal
1, 1457671388.49, 471, 0, recieved, 2, 468
1, 1457671388.61, 472, 0, internal
1, 1457671388.74, 473, 0, recieved, 2, 469
1, 1457671388.86, 474, 0, recieved, 0, 471
1, 1457671388.99, 475, 0, internal
1, 1457671389.11, 476, 0, internal
1, 1457671389.24, 477, 0, internal
1, 1457671389.36, 478, 0, recieved, 0, 474
1, 1457671389.49, 479, 0, internal
1, 1457671389.61, 480, 0, sent, 2
1, 1457671389.74, 481, 0, internal
1, 1457671389.86, 482, 0, sent, 3
1, 1457671389.99, 483, 0, internal
1, 1457671390.11, 484, 0, sent, 2
1, 1457671390.24, 485, 0, internal
1, 1457671390.36, 486, 0, sent, 3
1, 1457671390.49, 487, 0, internal
1, 1457671390.61, 488, 0, sent, 1
1, 1457671390.74, 489, 0, internal
