0, 1457670908.73, 2, 0, internal
0, 1457670908.98, 3, 0, recieved, 1, 2
0, 1457670909.23, 5, 0, recieved, 1, 4
0, 1457670909.48, 6, 0, recieved, 2, 5
0, 1457670909.73, 7, 0, sent, 1
0, 1457670909.98, 9, 0, recieved, 2, 8
0, 1457670910.23, 10, 0, sent, 2
0, 1457670910.48, 12, 0, recieved, 1, 11
0, 1457670910.73, 13, 0, sent, 2
0, 1457670910.98, 14, 1, recieved, 1, 13
0, 1457670911.23, 15, 0, recieved, 1, 14
0, 1457670911.48, 16, 0, internal
0, 1457670911.73, 20, 0, recieved, 2, 19
0, 1457670911.98, 21, 0, recieved, 1, 19
0, 1457670912.23, 22, 0, recieved, 1, 20
0, 1457670912.48, 23, 0, internal
0, 1457670912.73, 24, 0, internal
0, 1457670912.98, 25, 1, recieved, 1, 23
0, 1457670913.23, 26, 0, recieved, 1, 24
0, 1457670913.48, 27, 0, internal
0, 1457670913.73, 28, 0, internal
0, 1457670913.98, 33, 0, recieved, 2, 32
0, 1457670914.23, 34, 0, sent, 1
0, 1457670914.48, 35, 0, internal
0, 1457670914.73, 36, 0, internal
0, 1457670914.98, 39, 1, recieved, 2, 38
0, 1457670915.23, 40, 0, recieved, 1, 38
0, 1457670915.48, 42, 0, recieved, 1, 41
0, 1457670915.73, 43, 0, internal
0, 1457670915.98, 45, 0, recieved, 1, 44
0, 1457670916.23, 46, 0, sent, 3
0, 1457670916.48, 47, 0, internal
0, 1457670916.73, 48, 0, internal
0, 1457670916.98, 52, 0, recieved, 1, 51
0, 1457670917.23, 53, 0, recieved, 2, 52
0, 1457670917.48, 54, 0, internal
0, 1457670917.73, 55, 0, internal
0, 1457670917.98, 56, 0, internal
0, 1457670918.23, 57, 0, internal
0, 1457670918.48, 58, 0, sent, 3
0, 1457670918.73, 59, 0, internal
0, 1457670918.98, 63, 1, recieved, 1, 62
0, 1457670919.23, 64, 0, recieved, 2, 63
0, 1457670919.48, 66, 0, recieved, 2, 65
0, 1457670919.73, 67, 0, sent, 2
0, 1457670919.98, 68, 0, internal
0, 1457670920.23, 69, 0, sent, 3
0, 1457670920.48, 70, 0, internal
0, 1457670920.73, 73, 0, recieved, 1, 72
0, 1457670920.98, 74, 0, sent, 2
0, 1457670921.23, 76, 0, recieved, 1, 75
0, 1457670921.48, 78, 0, recieved, 2, 77
0, 1457670921.73, 79, 0, internal
0, 1457670921.98, 80, 0, internal
0, 1457670922.23, 81, 0, internal
0, 1457670922.48, 84, 1, recieved, 2, 83
0, 1457670922.73, 85, 0, recieved, 2, 84
0, 1457670922.98, 88, 0, recieved, 2, 87
0, 1457670923.23, 90, 0, recieved, 1, 89
0, 1457670923.48, 91, 0, sent, 1
0, 1457670923.73, 92, 0, sent, 2
0, 1457670923.98, 93, 0, internal
0, 1457670924.23, 94, 0, internal
0, 1457670924.48, 95, 0, internal
0, 1457670924.73, 99, 0, recieved, 1, 98
0, 1457670924.98, 100, 0, recieved, 1, 99
0, 1457670925.23, 102, 0, recieved, 1, 101
0, 1457670925.48, 103, 0, internal
0, 1457670925.73, 104, 0, internal
0, 1457670925.98, 105, 0, internal
0, 1457670926.23, 106, 0, sent, 2
0, 1457670926.48, 107, 0, internal
0, 1457670926.73, 108, 0, sent, 2
0, 1457670926.98, 109, 0, internal
0, 1457670927.23, 110, 0, internal
0, 1457670927.48, 116, 0, recieved, 2, 115
0, 1457670927.73, 117, 0, sent, 3
0, 1457670927.98, 118, 0, internal
0, 1457670928.23, 119, 0, internal
0, 1457670928.48, 120, 0, internal
0, 1457670928.73, 121, 0, internal
0, 1457670928.98, 127, 0, recieved, 2, 126
0, 1457670929.23, 128, 0, internal
0, 1457670929.48, 129, 0, recieved, 2, 128
0, 1457670929.73, 130, 0, sent, 1
0, 1457670929.98, 131, 0, internal
0, 1457670930.23, 132, 0, sent, 2
0, 1457670930.48, 133, 0, sent, 2
0, 1457670930.73, 134, 0, internal
0, 1457670930.98, 135, 0, internal
0, 1457670931.23, 136, 0, internal
0, 1457670931.48, 137, 0, internal
0, 1457670931.73, 141, 0, recieved, 1, 140
0, 1457670931.98, 145, 0, recieved, 2, 144
0, 1457670932.23, 146, 0, sent, 3
0, 1457670932.48, 147, 0, internal
0, 1457670932.73, 149, 0, recieved, 2, 148
0, 1457670932.98, 150, 0, sent, 1
0, 1457670933.23, 151, 0, internal
0, 1457670933.48, 152, 0, internal
0, 1457670933.73, 154, 0, recieved, 1, 153
0, 1457670933.98, 155, 0, internal
0, 1457670934.23, 156, 0, sent, 3
0, 1457670934.48, 157, 0, sent, 3
0, 1457670934.73, 158, 0, internal
0, 1457670934.98, 162, 0, recieved, 2, 161
0, 1457670935.23, 164, 0, recieved, 1, 163
0, 1457670935.48, 165, 0, internal
0, 1457670935.73, 167, 0, recieved, 2, 166
0, 1457670935.98, 168, 1, recieved, 2, 167
0, 1457670936.23, 169, 1, recieved, 2, 168
0, 1457670936.48, 170, 1, recieved, 2, 169
0, 1457670936.73, 171, 0, recieved, 1, 170
0, 1457670936.98, 175, 0, recieved, 2, 174
0, 1457670937.23, 176, 0, sent, 1
0, 1457670937.48, 177, 0, internal
0, 1457670937.73, 179, 1, recieved, 1, 178
0, 1457670937.98, 180, 1, recieved, 2, 178
0, 1457670938.23, 181, 0, recieved, 1, 179
0, 1457670938.48, 182, 0, sent, 3
0, 1457670938.73, 183, 0, internal
0, 1457670938.98, 184, 0, internal
0, 1457670939.23, 185, 0, internal
0, 1457670939.48, 186, 0, internal
0, 1457670939.73, 187, 0, internal
0, 1457670939.98, 192, 0, recieved, 2, 191
0, 1457670940.23, 194, 0, recieved, 2, 193
0, 1457670940.48, 195, 0, recieved, 2, 194
0, 1457670940.73, 196, 0, sent, 3
0, 1457670940.98, 198, 0, recieved, 2, 197
0, 1457670941.23, 200, 0, recieved, 2, 199
0, 1457670941.48, 202, 0, recieved, 2, 201
0, 1457670941.73, 203, 0, sent, 3
0, 1457670941.98, 204, 0, recieved, 2, 203
0, 1457670942.23, 205, 0, internal
0, 1457670942.48, 206, 0, internal
0, 1457670942.73, 207, 0, internal
0, 1457670942.98, 211, 0, recieved, 2, 210
0, 1457670943.23, 212, 0, internal
0, 1457670943.48, 213, 0, sent, 1
0, 1457670943.73, 214, 0, sent, 1
0, 1457670943.98, 215, 0, internal
0, 1457670944.23, 216, 0, sent, 1
0, 1457670944.48, 217, 0, internal
0, 1457670944.73, 218, 0, internal
0, 1457670944.98, 222, 0, recieved, 2, 221
0, 1457670945.23, 223, 0, internal
0, 1457670945.48, 225, 0, recieved, 1, 224
0, 1457670945.73, 226, 0, recieved, 1, 225
0, 1457670945.98, 227, 1, recieved, 1, 226
0, 1457670946.23, 228, 0, recieved, 1, 227
0, 1457670946.48, 229, 0, sent, 3
0, 1457670946.73, 230, 0, internal
0, 1457670946.98, 234, 1, recieved, 2, 233
0, 1457670947.23, 235, 0, recieved, 1, 232
0, 1457670947.48, 237, 0, recieved, 2, 236
0, 1457670947.73, 238, 0, internal
0, 1457670947.98, 239, 0, internal
0, 1457670948.23, 242, 0, recieved, 1, 241
0, 1457670948.48, 243, 0, sent, 3
0, 1457670948.73, 244, 0, internal
0, 1457670948.98, 247, 0, recieved, 1, 246
0, 1457670949.23, 248, 0, internal
0, 1457670949.48, 249, 0, sent, 3
0, 1457670949.73, 250, 0, internal
0, 1457670949.98, 251, 0, sent, 3
0, 1457670950.23, 252, 0, internal
0, 1457670950.48, 253, 0, internal
0, 1457670950.73, 254, 0, internal
0, 1457670950.98, 255, 0, internal
0, 1457670951.23, 256, 0, sent, 2
0, 1457670951.48, 257, 0, internal
0, 1457670951.73, 258, 0, internal
0, 1457670951.98, 264, 0, recieved, 2, 263
0, 1457670952.23, 265, 0, internal
0, 1457670952.48, 266, 0, sent, 1
0, 1457670952.73, 267, 0, internal
0, 1457670952.98, 268, 0, sent, 3
0, 1457670953.23, 269, 0, internal
0, 1457670953.48, 270, 0, internal
0, 1457670953.73, 271, 0, internal
0, 1457670953.98, 272, 0, internal
0, 1457670954.23, 273, 0, sent, 1
0, 1457670954.48, 280, 1, recieved, 2, 279
0, 1457670954.73, 281, 1, recieved, 2, 280
0, 1457670954.98, 282, 2, recieved, 2, 281
0, 1457670955.23, 283, 1, recieved, 1, 282
0, 1457670955.48, 284, 0, recieved, 1, 283
0, 1457670955.73, 285, 0, internal
0, 1457670955.98, 288, 0, recieved, 1, 287
0, 1457670956.23, 289, 0, internal
0, 1457670956.48, 291, 0, recieved, 1, 290
0, 1457670956.73, 292, 0, internal
0, 1457670956.98, 295, 0, recieved, 2, 294
0, 1457670957.23, 296, 0, internal
0, 1457670957.48, 297, 0, internal
0, 1457670957.73, 298, 0, internal
0, 1457670957.98, 299, 0, sent, 2
0, 1457670958.23, 300, 0, internal
0, 1457670958.48, 301, 0, internal
0, 1457670958.73, 302, 0, internal
0, 1457670958.98, 303, 0, internal
0, 1457670959.23, 304, 0, sent, 3
0, 1457670959.48, 305, 0, internal
0, 1457670959.73, 310, 1, recieved, 1, 309
0, 1457670959.98, 312, 0, recieved, 2, 311
0, 1457670960.23, 313, 0, internal
0, 1457670960.48, 316, 0, recieved, 1, 315
0, 1457670960.73, 317, 0, recieved, 1, 316
0, 1457670960.98, 318, 0, internal
0, 1457670961.23, 320, 0, recieved, 1, 319
0, 1457670961.48, 323, 0, recieved, 2, 322
0, 1457670961.73, 324, 0, recieved, 1, 321
0, 1457670961.98, 326, 0, recieved, 2, 325
0, 1457670962.23, 327, 0, recieved, 1, 324
0, 1457670962.48, 328, 0, recieved, 2, 327
0, 1457670962.73, 329, 0, internal
0, 1457670962.98, 330, 0, recieved, 1, 327
0, 1457670963.23, 331, 0, sent, 1
0, 1457670963.48, 334, 1, recieved, 2, 333
0, 1457670963.73, 335, 0, recieved, 2, 334
0, 1457670963.98, 336, 0, internal
0, 1457670964.23, 337, 0, internal
0, 1457670964.48, 338, 0, sent, 2
0, 1457670964.73, 339, 0, internal
0, 1457670964.98, 344, 0, recieved, 2, 343
0, 1457670965.23, 345, 0, recieved, 2, 344
0, 1457670965.48, 346, 0, recieved, 2, 345
0, 1457670965.73, 348, 0, recieved, 1, 347
0, 1457670965.98, 349, 0, recieved, 2, 348
0, 1457670966.23, 351, 0, recieved, 1, 350
0, 1457670966.48, 352, 0, sent, 2
0, 1457670966.73, 353, 0, internal
0, 1457670966.98, 354, 0, recieved, 1, 353
0, 1457670967.23, 355, 0, internal
0, 1457670967.48, 356, 0, internal
0, 1457670967.73, 357, 0, internal
0, 1457670967.98, 358, 0, sent, 3
0, 1457670968.23, 359, 0, internal
0, 1457670968.48, 360, 0, internal
