0, 1457670968.99, 2, 0, sent, 3
0, 1457670969.18, 3, 0, internal
0, 1457670969.38, 4, 0, internal
0, 1457670969.58, 5, 0, sent, 3
0, 1457670969.78, 6, 0, internal
0, 1457670969.98, 7, 0, internal
0, 1457670970.18, 8, 0, sent, 1
0, 1457670970.38, 9, 0, internal
0, 1457670970.58, 10, 0, internal
0, 1457670970.78, 11, 0, internal
0, 1457670970.98, 12, 0, internal
0, 1457670971.18, 13, 0, recieved, 1, 11
0, 1457670971.38, 14, 0, recieved, 2, 12
0, 1457670971.58, 15, 0, recieved, 2, 13
0, 1457670971.78, 16, 0, recieved, 2, 14
0, 1457670971.98, 17, 0, sent, 2
0, 1457670972.18, 18, 0, internal
0, 1457670972.38, 19, 0, sent, 2
0, 1457670972.58, 20, 0, internal
0, 1457670972.78, 21, 0, internal
0, 1457670972.98, 22, 0, internal
0, 1457670973.18, 23, 0, recieved, 1, 18
0, 1457670973.38, 24, 0, internal
0, 1457670973.58, 25, 0, recieved, 2, 24
0, 1457670973.78, 26, 0, sent, 3
0, 1457670973.98, 27, 0, sent, 2
0, 1457670974.18, 28, 0, internal
0, 1457670974.38, 29, 0, internal
0, 1457670974.58, 30, 0, sent, 2
0, 1457670974.78, 31, 0, recieved, 1, 28
0, 1457670974.98, 32, 0, sent, 1
0, 1457670975.18, 33, 0, internal
0, 1457670975.39, 35, 0, recieved, 1, 34
0, 1457670975.58, 36, 0, internal
0, 1457670975.78, 37, 0, internal
0, 1457670975.98, 38, 0, sent, 1
0, 1457670976.18, 39, 0, internal
0, 1457670976.38, 40, 0, sent, 3
0, 1457670976.58, 41, 0, internal
0, 1457670976.78, 42, 0, internal
0, 1457670976.98, 43, 0, sent, 2
0, 1457670977.18, 44, 0, recieved, 1, 42
0, 1457670977.38, 45, 0, internal
0, 1457670977.58, 47, 0, recieved, 2, 46
0, 1457670977.78, 48, 0, internal
0, 1457670977.98, 49, 0, internal
0, 1457670978.18, 50, 0, internal
0, 1457670978.38, 51, 0, sent, 1
0, 1457670978.58, 52, 0, internal
0, 1457670978.78, 53, 0, internal
0, 1457670978.98, 54, 0, internal
0, 1457670979.18, 55, 0, recieved, 2, 52
0, 1457670979.38, 56, 0, recieved, 2, 53
0, 1457670979.58, 57, 0, internal
0, 1457670979.78, 58, 0, internal
0, 1457670979.98, 59, 0, internal
0, 1457670980.18, 60, 0, sent, 1
0, 1457670980.38, 61, 0, internal
0, 1457670980.58, 62, 0, sent, 1
0, 1457670980.78, 63, 0, internal
0, 1457670980.98, 64, 0, internal
0, 1457670981.18, 65, 0, sent, 1
0, 1457670981.38, 66, 0, sent, 1
0, 1457670981.58, 67, 0, internal
0, 1457670981.78, 68, 0, internal
0, 1457670981.98, 69, 0, internal
0, 1457670982.18, 70, 0, internal
0, 1457670982.38, 71, 0, internal
0, 1457670982.58, 72, 0, internal
0, 1457670982.78, 73, 0, sent, 2
0, 1457670982.98, 74, 0, sent, 3
0, 1457670983.18, 75, 0, sent, 2
0, 1457670983.38, 76, 0, sent, 1
0, 1457670983.58, 77, 0, internal
0, 1457670983.78, 78, 0, sent, 3
0, 1457670983.98, 79, 0, internal
0, 1457670984.18, 80, 0, internal
0, 1457670984.38, 81, 0, internal
0, 1457670984.58, 82, 0, sent, 3
0, 1457670984.78, 83, 0, sent, 3
0, 1457670984.98, 84, 0, sent, 1
0, 1457670985.18, 85, 0, internal
0, 1457670985.38, 86, 0, internal
0, 1457670985.58, 87, 0, recieved, 2, 86
0, 1457670985.78, 88, 0, internal
0, 1457670985.98, 89, 0, internal
0, 1457670986.18, 90, 0, recieved, 1, 87
0, 1457670986.38, 91, 0, internal
0, 1457670986.58, 92, 0, internal
0, 1457670986.78, 93, 0, recieved, 2, 91
0, 1457670986.98, 94, 0, internal
0, 1457670987.18, 95, 0, recieved, 2, 92
0, 1457670987.38, 96, 0, internal
0, 1457670987.58, 97, 0, sent, 2
0, 1457670987.78, 98, 0, internal
0, 1457670987.98, 99, 0, internal
0, 1457670988.18, 100, 0, internal
0, 1457670988.38, 101, 0, recieved, 2, 100
0, 1457670988.58, 102, 0, internal
0, 1457670988.78, 103, 0, recieved, 2, 102
0, 1457670988.98, 104, 0, sent, 1
0, 1457670989.18, 105, 0, internal
0, 1457670989.38, 106, 0, sent, 3
0, 1457670989.58, 107, 0, sent, 2
0, 1457670989.78, 108, 0, internal
0, 1457670989.98, 109, 0, sent, 2
0, 1457670990.18, 110, 0, internal
0, 1457670990.38, 112, 0, recieved, 2, 111
0, 1457670990.58, 113, 0, internal
0, 1457670990.78, 114, 0, internal
0, 1457670990.98, 115, 0, internal
0, 1457670991.18, 116, 0, internal
0, 1457670991.38, 117, 0, internal
0, 1457670991.58, 118, 0, internal
0, 1457670991.78, 119, 0, sent, 3
0, 1457670991.98, 120, 0, sent, 2
0, 1457670992.18, 121, 0, sent, 2
0, 1457670992.38, 122, 0, internal
0, 1457670992.58, 123, 0, internal
0, 1457670992.78, 124, 0, internal
0, 1457670992.98, 125, 0, internal
0, 1457670993.18, 126, 0, recieved, 1, 123
0, 1457670993.38, 127, 0, sent, 2
0, 1457670993.58, 128, 0, internal
0, 1457670993.78, 129, 0, internal
0, 1457670993.98, 130, 0, sent, 2
0, 1457670994.18, 131, 0, recieved, 1, 126
0, 1457670994.38, 132, 0, internal
0, 1457670994.58, 133, 0, sent, 2
0, 1457670994.78, 134, 0, internal
0, 1457670994.98, 135, 0, sent, 3
0, 1457670995.18, 136, 0, internal
0, 1457670995.38, 138, 0, recieved, 2, 137
0, 1457670995.58, 139, 0, internal
0, 1457670995.78, 140, 0, internal
0, 1457670995.98, 141, 0, internal
0, 1457670996.18, 142, 0, internal
0, 1457670996.38, 143, 0, sent, 2
0, 1457670996.58, 144, 0, sent, 1
0, 1457670996.78, 145, 0, internal
0, 1457670996.98, 146, 0, internal
0, 1457670997.18, 147, 1, recieved, 1, 146
0, 1457670997.38, 148, 1, recieved, 2, 146
0, 1457670997.58, 149, 0, recieved, 2, 147
0, 1457670997.78, 150, 0, internal
0, 1457670997.98, 151, 0, internal
0, 1457670998.19, 152, 0, sent, 1
0, 1457670998.38, 153, 0, recieved, 2, 151
0, 1457670998.6, 154, 0, internal
0, 1457670998.79, 155, 0, recieved, 2, 153
0, 1457670998.99, 156, 0, internal
0, 1457670999.18, 157, 0, internal
0, 1457670999.38, 158, 0, recieved, 1, 156
0, 1457670999.58, 159, 0, internal
0, 1457670999.78, 160, 0, sent, 2
0, 1457670999.98, 161, 0, sent, 2
0, 1457671000.18, 162, 0, internal
0, 1457671000.38, 163, 0, sent, 2
0, 1457671000.58, 164, 0, internal
0, 1457671000.78, 165, 0, internal
0, 1457671000.98, 166, 0, internal
0, 1457671001.18, 167, 0, internal
0, 1457671001.38, 168, 0, internal
0, 1457671001.59, 169, 0, sent, 1
0, 1457671001.78, 170, 0, internal
0, 1457671001.98, 171, 0, internal
0, 1457671002.18, 172, 1, recieved, 1, 171
0, 1457671002.38, 173, 1, recieved, 2, 170
0, 1457671002.58, 174, 0, recieved, 1, 172
0, 1457671002.78, 175, 0, sent, 1
0, 1457671002.98, 176, 0, internal
0, 1457671003.18, 177, 0, recieved, 2, 175
0, 1457671003.38, 178, 0, sent, 3
0, 1457671003.58, 179, 0, internal
0, 1457671003.78, 180, 0, internal
0, 1457671003.98, 181, 0, internal
0, 1457671004.18, 182, 0, recieved, 1, 180
0, 1457671004.38, 183, 0, sent, 1
0, 1457671004.58, 184, 0, internal
0, 1457671004.78, 185, 0, internal
0, 1457671004.98, 186, 0, internal
0, 1457671005.18, 187, 0, sent, 1
0, 1457671005.38, 188, 0, internal
0, 1457671005.58, 189, 0, internal
0, 1457671005.78, 190, 0, internal
0, 1457671005.98, 191, 0, internal
0, 1457671006.18, 192, 0, internal
0, 1457671006.38, 193, 0, internal
0, 1457671006.58, 194, 0, recieved, 2, 191
0, 1457671006.78, 195, 0, internal
0, 1457671006.98, 196, 0, sent, 2
0, 1457671007.18, 197, 0, sent, 3
0, 1457671007.38, 198, 0, sent, 2
0, 1457671007.58, 199, 0, internal
0, 1457671007.78, 200, 0, internal
0, 1457671007.98, 201, 0, internal
0, 1457671008.18, 202, 0, internal
0, 1457671008.38, 203, 0, internal
0, 1457671008.58, 204, 0, internal
0, 1457671008.78, 205, 0, internal
0, 1457671008.98, 206, 0, sent, 3
0, 1457671009.18, 207, 0, internal
0, 1457671009.38, 208, 0, sent, 2
0, 1457671009.58, 209, 0, internal
0, 1457671009.78, 210, 0, sent, 2
0, 1457671009.98, 211, 0, internal
0, 1457671010.18, 212, 0, internal
0, 1457671010.38, 213, 0, recieved, 2, 212
0, 1457671010.58, 214, 0, sent, 3
0, 1457671010.78, 215, 0, sent, 2
0, 1457671010.98, 216, 0, sent, 3
0, 1457671011.18, 217, 0, internal
0, 1457671011.38, 218, 0, internal
0, 1457671011.58, 219, 0, sent, 3
0, 1457671011.78, 220, 0, sent, 3
0, 1457671011.98, 221, 0, sent, 3
0, 1457671012.18, 222, 0, internal
0, 1457671012.38, 223, 0, internal
0, 1457671012.58, 224, 0, sent, 1
0, 1457671012.78, 225, 0, sent, 1
0, 1457671012.98, 226, 0, internal
0, 1457671013.18, 227, 0, internal
0, 1457671013.38, 228, 0, sent, 3
0, 1457671013.58, 229, 0, internal
0, 1457671013.78, 230, 0, sent, 2
0, 1457671013.98, 231, 0, internal
0, 1457671014.18, 232, 0, internal
0, 1457671014.38, 233, 0, sent, 3
0, 1457671014.58, 234, 0, sent, 3
0, 1457671014.78, 235, 0, sent, 3
0, 1457671014.98, 236, 0, internal
0, 1457671015.18, 237, 0, internal
0, 1457671015.38, 238, 0, sent, 1
0, 1457671015.58, 239, 0, sent, 2
0, 1457671015.78, 240, 0, internal
0, 1457671015.98, 241, 0, internal
0, 1457671016.18, 242, 0, internal
0, 1457671016.38, 243, 0, internal
0, 1457671016.58, 244, 0, internal
0, 1457671016.78, 245, 0, recieved, 1, 242
0, 1457671016.98, 246, 0, internal
0, 1457671017.18, 247, 0, recieved, 2, 245
0, 1457671017.38, 248, 0, sent, 2
0, 1457671017.58, 249, 0, internal
0, 1457671017.78, 250, 0, internal
0, 1457671017.98, 251, 0, sent, 1
0, 1457671018.18, 252, 0, recieved, 2, 251
0, 1457671018.38, 253, 0, internal
0, 1457671018.58, 254, 0, internal
0, 1457671018.78, 255, 0, internal
0, 1457671018.98, 256, 0, internal
0, 1457671019.18, 257, 0, internal
0, 1457671019.38, 258, 0, sent, 2
0, 1457671019.58, 259, 0, internal
0, 1457671019.78, 260, 0, sent, 2
0, 1457671019.98, 261, 0, sent, 2
0, 1457671020.18, 262, 0, sent, 3
0, 1457671020.38, 263, 0, internal
0, 1457671020.58, 264, 0, internal
0, 1457671020.78, 265, 0, internal
0, 1457671020.98, 266, 0, internal
0, 1457671021.18, 267, 0, internal
0, 1457671021.38, 268, 0, recieved, 2, 266
0, 1457671021.58, 269, 0, recieved, 2, 267
0, 1457671021.78, 270, 0, internal
0, 1457671021.98, 271, 0, sent, 1
0, 1457671022.18, 272, 0, recieved, 2, 269
0, 1457671022.38, 273, 0, internal
0, 1457671022.58, 274, 0, internal
0, 1457671022.79, 275, 0, recieved, 2, 272
0, 1457671022.98, 276, 0, internal
0, 1457671023.18, 277, 0, internal
0, 1457671023.38, 278, 0, recieved, 2, 274
0, 1457671023.58, 279, 0, internal
0, 1457671023.78, 280, 0, sent, 1
0, 1457671023.98, 281, 0, sent, 2
0, 1457671024.18, 282, 0, internal
0, 1457671024.38, 283, 0, internal
0, 1457671024.58, 284, 0, internal
0, 1457671024.78, 285, 0, internal
0, 1457671024.98, 286, 0, sent, 1
0, 1457671025.18, 287, 0, sent, 3
0, 1457671025.38, 288, 0, internal
0, 1457671025.58, 289, 0, sent, 3
0, 1457671025.78, 290, 0, internal
0, 1457671025.98, 291, 0, sent, 2
0, 1457671026.18, 292, 0, internal
0, 1457671026.38, 293, 0, internal
0, 1457671026.58, 294, 0, internal
0, 1457671026.78, 296, 0, recieved, 2, 295
0, 1457671026.98, 297, 0, internal
0, 1457671027.18, 298, 0, internal
0, 1457671027.38, 299, 0, sent, 1
0, 1457671027.58, 300, 0, internal
0, 1457671027.78, 301, 0, recieved, 2, 299
0, 1457671027.98, 302, 0, sent, 1
0, 1457671028.18, 303, 0, recieved, 2, 300
0, 1457671028.38, 304, 0, sent, 3
0, 1457671028.58, 305, 0, internal
0, 1457671028.78, 306, 0, internal
