2, 1457671572.18, 2, 0, sent, 3
2, 1457671572.68, 3, 1, recieved, 0, 2
2, 1457671573.18, 4, 2, recieved, 1, 2
2, 1457671573.68, 6, 1, recieved, 0, 5
2, 1457671574.18, 7, 1, recieved, 0, 6
2, 1457671574.68, 10, 1, recieved, 0, 9
2, 1457671575.18, 12, 0, recieved, 0, 11
2, 1457671575.68, 17, 0, recieved, 0, 16
2, 1457671576.18, 18, 0, recieved, 1, 17
2, 1457671576.68, 21, 1, recieved, 0, 20
2, 1457671577.18, 22, 1, recieved, 1, 18
2, 1457671577.68, 23, 1, recieved, 0, 22
2, 1457671578.18, 25, 0, recieved, 0, 24
2, 1457671578.68, 28, 0, recieved, 0, 27
2, 1457671579.18, 29, 0, sent, 1
2, 1457671579.68, 30, 0, internal
2, 1457671580.18, 34, 1, recieved, 0, 33
2, 1457671580.68, 35, 1, recieved, 0, 34
2, 1457671581.18, 37, 0, recieved, 0, 36
2, 1457671581.68, 40, 0, recieved, 0, 39
2, 1457671582.18, 42, 0, recieved, 0, 41
2, 1457671582.68, 43, 0, internal
2, 1457671583.18, 44, 0, sent, 1
2, 1457671583.68, 45, 0, sent, 2
2, 1457671584.18, 51, 0, recieved, 0, 50
2, 1457671584.68, 52, 0, sent, 3
2, 1457671585.18, 53, 0, sent, 3
2, 1457671585.68, 54, 0, sent, 1
2, 1457671586.18, 55, 0, sent, 2
2, 1457671586.68, 56, 0, sent, 3
2, 1457671587.18, 63, 0, recieved, 0, 62
2, 1457671587.68, 64, 0, recieved, 0, 63
2, 1457671588.18, 65, 0, sent, 1
2, 1457671588.68, 66, 0, internal
2, 1457671589.18, 67, 0, sent, 2
2, 1457671589.68, 73, 0, recieved, 0, 72
2, 1457671590.18, 74, 0, sent, 3
2, 1457671590.68, 75, 0, internal
2, 1457671591.18, 79, 0, recieved, 0, 78
2, 1457671591.68, 80, 1, recieved, 0, 79
2, 1457671592.18, 81, 0, recieved, 0, 80
2, 1457671592.68, 84, 1, recieved, 0, 83
2, 1457671593.18, 85, 0, recieved, 0, 84
2, 1457671593.68, 88, 0, recieved, 0, 87
2, 1457671594.18, 91, 0, recieved, 0, 90
2, 1457671594.68, 92, 1, recieved, 0, 91
2, 1457671595.18, 93, 0, recieved, 0, 92
2, 1457671595.68, 97, 0, recieved, 0, 96
2, 1457671596.18, 98, 0, sent, 1
2, 1457671596.68, 99, 0, sent, 3
2, 1457671597.18, 100, 0, sent, 1
2, 1457671597.68, 105, 0, recieved, 0, 104
2, 1457671598.18, 106, 2, recieved, 0, 105
2, 1457671598.68, 107, 1, recieved, 0, 106
2, 1457671599.18, 108, 1, recieved, 1, 102
2, 1457671599.68, 110, 0, recieved, 0, 109
2, 1457671600.18, 111, 0, internal
2, 1457671600.68, 112, 0, sent, 1
2, 1457671601.18, 113, 0, internal
2, 1457671601.68, 120, 1, recieved, 0, 119
2, 1457671602.18, 121, 2, recieved, 0, 120
2, 1457671602.68, 122, 3, recieved, 0, 121
2, 1457671603.18, 123, 2, recieved, 0, 122
2, 1457671603.68, 124, 1, recieved, 0, 123
2, 1457671604.18, 125, 0, recieved, 0, 124
2, 1457671604.68, 133, 0, recieved, 0, 132
2, 1457671605.18, 134, 0, recieved, 0, 133
2, 1457671605.68, 135, 0, sent, 3
2, 1457671606.18, 139, 0, recieved, 0, 138
2, 1457671606.68, 140, 0, recieved, 0, 139
2, 1457671607.18, 143, 0, recieved, 0, 142
2, 1457671607.68, 144, 0, sent, 3
2, 1457671608.18, 147, 0, recieved, 0, 146
2, 1457671608.68, 149, 0, recieved, 0, 148
2, 1457671609.18, 150, 0, internal
2, 1457671609.68, 151, 0, sent, 1
2, 1457671610.18, 155, 0, recieved, 0, 154
2, 1457671610.68, 156, 0, recieved, 0, 155
2, 1457671611.18, 158, 1, recieved, 0, 157
2, 1457671611.68, 159, 1, recieved, 0, 158
2, 1457671612.18, 160, 0, recieved, 0, 159
2, 1457671612.68, 164, 0, recieved, 0, 163
2, 1457671613.18, 167, 0, recieved, 0, 166
2, 1457671613.68, 168, 0, sent, 2
2, 1457671614.18, 169, 0, internal
2, 1457671614.68, 170, 0, internal
2, 1457671615.18, 175, 0, recieved, 0, 174
2, 1457671615.68, 177, 0, recieved, 0, 176
2, 1457671616.18, 178, 1, recieved, 0, 177
2, 1457671616.68, 179, 0, recieved, 0, 178
2, 1457671617.18, 180, 0, internal
2, 1457671617.68, 181, 0, sent, 3
2, 1457671618.18, 187, 0, recieved, 0, 186
2, 1457671618.68, 189, 0, recieved, 0, 188
2, 1457671619.18, 190, 1, recieved, 0, 189
2, 1457671619.68, 191, 0, recieved, 0, 190
2, 1457671620.18, 192, 0, sent, 1
2, 1457671620.68, 193, 0, sent, 3
2, 1457671621.18, 199, 0, recieved, 0, 198
2, 1457671621.68, 200, 0, sent, 3
2, 1457671622.18, 203, 0, recieved, 0, 202
2, 1457671622.68, 204, 0, internal
2, 1457671623.18, 205, 0, sent, 3
2, 1457671623.68, 206, 0, internal
2, 1457671624.18, 207, 0, sent, 2
2, 1457671624.68, 208, 0, sent, 3
2, 1457671625.18, 209, 0, internal
2, 1457671625.68, 216, 0, recieved, 0, 215
2, 1457671626.18, 219, 0, recieved, 0, 218
2, 1457671626.68, 220, 1, recieved, 0, 219
2, 1457671627.18, 221, 1, recieved, 0, 220
2, 1457671627.68, 223, 2, recieved, 0, 222
2, 1457671628.18, 224, 2, recieved, 0, 223
2, 1457671628.68, 225, 4, recieved, 0, 224
2, 1457671629.18, 227, 5, recieved, 0, 226
2, 1457671629.68, 228, 5, recieved, 0, 227
2, 1457671630.18, 229, 6, recieved, 0, 228
2, 1457671630.68, 230, 5, recieved, 1, 226
2, 1457671631.18, 231, 5, recieved, 0, 230
2, 1457671631.68, 232, 4, recieved, 1, 227
