0, 1457671330.86, 2, 0, internal
0, 1457671331.03, 3, 1, recieved, 1, 2
0, 1457671331.2, 4, 0, recieved, 1, 3
0, 1457671331.36, 6, 0, recieved, 2, 5
0, 1457671331.53, 7, 0, sent, 2
0, 1457671331.7, 8, 0, internal
0, 1457671331.86, 9, 0, internal
0, 1457671332.03, 11, 0, recieved, 1, 10
0, 1457671332.2, 12, 0, internal
0, 1457671332.36, 13, 0, sent, 1
0, 1457671332.53, 14, 0, internal
0, 1457671332.7, 15, 0, internal
0, 1457671332.86, 16, 0, internal
0, 1457671333.03, 17, 0, internal
0, 1457671333.2, 18, 0, sent, 3
0, 1457671333.36, 19, 0, internal
0, 1457671333.53, 23, 0, recieved, 1, 22
0, 1457671333.7, 24, 0, sent, 1
0, 1457671333.86, 25, 0, sent, 2
0, 1457671334.03, 26, 0, sent, 1
0, 1457671334.2, 28, 0, recieved, 2, 27
0, 1457671334.36, 29, 0, recieved, 2, 28
0, 1457671334.53, 31, 0, recieved, 1, 30
0, 1457671334.7, 32, 0, sent, 2
0, 1457671334.86, 33, 0, internal
0, 1457671335.03, 34, 0, sent, 1
0, 1457671335.2, 35, 0, sent, 3
0, 1457671335.36, 36, 0, internal
0, 1457671335.53, 37, 0, internal
0, 1457671335.7, 38, 0, internal
0, 1457671335.86, 39, 0, internal
0, 1457671336.03, 40, 0, internal
0, 1457671336.2, 45, 0, recieved, 1, 44
0, 1457671336.36, 46, 0, recieved, 1, 45
0, 1457671336.53, 47, 1, recieved, 2, 46
0, 1457671336.7, 48, 1, recieved, 1, 47
0, 1457671336.86, 49, 1, recieved, 1, 48
0, 1457671337.03, 50, 0, recieved, 1, 49
0, 1457671337.2, 53, 0, recieved, 1, 52
0, 1457671337.36, 54, 0, sent, 1
0, 1457671337.53, 55, 0, recieved, 2, 54
0, 1457671337.7, 58, 0, recieved, 1, 57
0, 1457671337.86, 59, 0, internal
0, 1457671338.03, 60, 0, internal
0, 1457671338.2, 61, 0, sent, 1
0, 1457671338.36, 62, 0, sent, 2
0, 1457671338.53, 65, 0, recieved, 1, 64
0, 1457671338.7, 66, 0, recieved, 1, 65
0, 1457671338.86, 67, 0, sent, 2
0, 1457671339.03, 68, 0, internal
0, 1457671339.2, 69, 0, sent, 1
0, 1457671339.36, 70, 0, sent, 3
0, 1457671339.53, 71, 0, internal
0, 1457671339.7, 72, 0, sent, 3
0, 1457671339.86, 73, 0, sent, 3
0, 1457671340.03, 74, 0, internal
0, 1457671340.2, 75, 0, internal
0, 1457671340.36, 76, 0, internal
0, 1457671340.53, 80, 0, recieved, 1, 79
0, 1457671340.7, 81, 0, sent, 2
0, 1457671340.86, 82, 0, internal
0, 1457671341.03, 83, 0, internal
0, 1457671341.2, 84, 0, internal
0, 1457671341.36, 85, 0, sent, 2
0, 1457671341.53, 86, 0, sent, 3
0, 1457671341.7, 87, 0, internal
0, 1457671341.86, 91, 0, recieved, 1, 90
0, 1457671342.03, 92, 0, sent, 1
0, 1457671342.2, 93, 0, sent, 2
0, 1457671342.36, 94, 0, internal
0, 1457671342.53, 96, 1, recieved, 1, 95
0, 1457671342.7, 97, 0, recieved, 1, 96
0, 1457671342.86, 98, 0, internal
0, 1457671343.03, 99, 0, internal
0, 1457671343.2, 100, 1, recieved, 2, 99
0, 1457671343.36, 102, 0, recieved, 1, 101
0, 1457671343.53, 103, 0, sent, 3
0, 1457671343.7, 104, 0, internal
0, 1457671343.86, 105, 0, internal
0, 1457671344.03, 106, 0, recieved, 2, 105
0, 1457671344.2, 107, 0, sent, 3
0, 1457671344.36, 108, 0, internal
0, 1457671344.53, 112, 0, recieved, 1, 111
0, 1457671344.7, 113, 0, internal
0, 1457671344.86, 114, 0, internal
0, 1457671345.03, 115, 0, internal
0, 1457671345.2, 117, 0, recieved, 2, 116
0, 1457671345.36, 119, 0, recieved, 1, 118
0, 1457671345.53, 120, 0, sent, 3
0, 1457671345.7, 121, 0, sent, 2
0, 1457671345.86, 123, 0, recieved, 1, 122
0, 1457671346.03, 124, 0, internal
0, 1457671346.2, 125, 0, internal
0, 1457671346.36, 126, 0, recieved, 2, 124
0, 1457671346.53, 127, 1, recieved, 2, 125
0, 1457671346.7, 129, 0, recieved, 1, 128
0, 1457671346.86, 130, 0, sent, 2
0, 1457671347.03, 131, 0, internal
0, 1457671347.2, 132, 0, sent, 3
0, 1457671347.36, 133, 0, sent, 1
0, 1457671347.53, 135, 0, recieved, 2, 134
0, 1457671347.7, 136, 0, internal
0, 1457671347.86, 139, 0, recieved, 1, 138
0, 1457671348.03, 140, 0, internal
0, 1457671348.2, 141, 0, internal
0, 1457671348.36, 143, 0, recieved, 1, 142
0, 1457671348.53, 144, 0, internal
0, 1457671348.7, 145, 0, internal
0, 1457671348.86, 146, 0, internal
0, 1457671349.03, 147, 0, internal
0, 1457671349.2, 148, 0, internal
0, 1457671349.36, 149, 0, internal
0, 1457671349.53, 150, 0, internal
0, 1457671349.7, 151, 0, internal
0, 1457671349.86, 155, 0, recieved, 1, 154
0, 1457671350.03, 156, 0, sent, 3
0, 1457671350.2, 157, 0, sent, 2
0, 1457671350.36, 159, 0, recieved, 1, 158
0, 1457671350.53, 160, 0, internal
0, 1457671350.7, 161, 0, internal
0, 1457671350.86, 162, 0, internal
0, 1457671351.03, 163, 0, internal
0, 1457671351.2, 164, 0, recieved, 2, 162
0, 1457671351.36, 165, 0, sent, 2
0, 1457671351.53, 166, 0, sent, 1
0, 1457671351.7, 167, 0, internal
0, 1457671351.86, 171, 0, recieved, 1, 170
0, 1457671352.03, 172, 1, recieved, 1, 171
0, 1457671352.2, 173, 0, recieved, 2, 170
0, 1457671352.36, 174, 0, internal
0, 1457671352.53, 175, 0, internal
0, 1457671352.7, 176, 0, internal
0, 1457671352.86, 177, 0, internal
0, 1457671353.03, 178, 0, sent, 1
0, 1457671353.2, 179, 0, sent, 1
0, 1457671353.36, 180, 0, internal
0, 1457671353.53, 181, 0, internal
0, 1457671353.7, 186, 0, recieved, 1, 185
0, 1457671353.86, 187, 0, sent, 2
0, 1457671354.03, 188, 0, internal
0, 1457671354.2, 189, 0, sent, 2
0, 1457671354.36, 190, 0, internal
0, 1457671354.53, 191, 0, sent, 3
0, 1457671354.7, 192, 0, internal
0, 1457671354.86, 193, 0, sent, 3
0, 1457671355.03, 194, 0, sent, 2
0, 1457671355.2, 195, 0, sent, 2
0, 1457671355.36, 196, 0, sent, 3
0, 1457671355.53, 197, 0, internal
0, 1457671355.7, 198, 0, internal
0, 1457671355.86, 203, 0, recieved, 1, 202
0, 1457671356.03, 204, 0, sent, 2
0, 1457671356.2, 205, 0, internal
0, 1457671356.36, 206, 0, internal
0, 1457671356.53, 208, 0, recieved, 1, 207
0, 1457671356.7, 209, 0, sent, 3
0, 1457671356.86, 210, 0, sent, 1
0, 1457671357.03, 211, 0, internal
0, 1457671357.2, 214, 0, recieved, 1, 213
0, 1457671357.36, 215, 0, internal
0, 1457671357.53, 216, 0, sent, 3
0, 1457671357.7, 217, 0, internal
0, 1457671357.86, 218, 0, sent, 3
0, 1457671358.03, 219, 0, internal
0, 1457671358.2, 220, 0, internal
0, 1457671358.36, 221, 0, internal
0, 1457671358.53, 222, 0, internal
0, 1457671358.7, 226, 0, recieved, 1, 225
0, 1457671358.86, 227, 0, recieved, 1, 226
0, 1457671359.03, 229, 0, recieved, 1, 228
0, 1457671359.2, 230, 0, internal
0, 1457671359.36, 231, 0, recieved, 2, 230
0, 1457671359.53, 232, 0, internal
0, 1457671359.7, 234, 0, recieved, 1, 233
0, 1457671359.86, 235, 0, sent, 1
0, 1457671360.03, 236, 0, sent, 1
0, 1457671360.2, 237, 0, internal
0, 1457671360.36, 238, 0, internal
0, 1457671360.53, 239, 0, sent, 2
0, 1457671360.7, 242, 0, recieved, 1, 241
0, 1457671360.86, 243, 0, internal
0, 1457671361.03, 244, 0, internal
0, 1457671361.2, 245, 0, internal
0, 1457671361.36, 247, 1, recieved, 1, 246
0, 1457671361.53, 248, 1, recieved, 2, 243
0, 1457671361.7, 249, 2, recieved, 2, 244
0, 1457671361.86, 250, 1, recieved, 1, 249
0, 1457671362.03, 251, 0, recieved, 2, 245
0, 1457671362.2, 252, 0, internal
0, 1457671362.36, 253, 0, recieved, 2, 248
0, 1457671362.53, 257, 0, recieved, 1, 256
0, 1457671362.7, 258, 0, internal
0, 1457671362.86, 259, 0, internal
0, 1457671363.03, 260, 1, recieved, 2, 251
0, 1457671363.2, 261, 0, recieved, 1, 260
0, 1457671363.36, 263, 0, recieved, 1, 262
0, 1457671363.53, 264, 0, sent, 3
0, 1457671363.7, 265, 0, sent, 3
0, 1457671363.86, 266, 0, sent, 3
0, 1457671364.03, 267, 0, internal
0, 1457671364.2, 268, 0, internal
0, 1457671364.36, 269, 0, recieved, 2, 268
0, 1457671364.53, 270, 0, internal
0, 1457671364.7, 271, 0, sent, 3
0, 1457671364.86, 272, 0, internal
0, 1457671365.03, 273, 0, internal
0, 1457671365.2, 274, 0, internal
0, 1457671365.36, 275, 0, internal
0, 1457671365.53, 276, 0, internal
0, 1457671365.7, 277, 0, internal
0, 1457671365.86, 278, 0, internal
0, 1457671366.03, 284, 0, recieved, 1, 283
0, 1457671366.2, 285, 0, internal
0, 1457671366.36, 286, 0, internal
0, 1457671366.53, 287, 0, internal
0, 1457671366.7, 290, 0, recieved, 1, 289
0, 1457671366.86, 291, 0, internal
0, 1457671367.03, 292, 0, sent, 2
0, 1457671367.2, 294, 0, recieved, 1, 293
0, 1457671367.36, 295, 1, recieved, 1, 294
0, 1457671367.53, 296, 0, recieved, 2, 294
0, 1457671367.7, 297, 0, internal
0, 1457671367.86, 298, 0, internal
0, 1457671368.03, 299, 0, internal
0, 1457671368.2, 300, 0, recieved, 2, 298
0, 1457671368.36, 301, 0, recieved, 2, 299
0, 1457671368.53, 302, 0, sent, 1
0, 1457671368.7, 303, 0, internal
0, 1457671368.86, 304, 0, internal
0, 1457671369.03, 309, 0, recieved, 1, 308
0, 1457671369.2, 310, 0, sent, 3
0, 1457671369.36, 311, 0, sent, 2
0, 1457671369.53, 314, 0, recieved, 1, 313
0, 1457671369.7, 315, 0, sent, 3
0, 1457671369.86, 316, 0, sent, 3
0, 1457671370.03, 317, 0, internal
0, 1457671370.2, 318, 0, internal
0, 1457671370.36, 319, 0, internal
0, 1457671370.53, 322, 0, recieved, 1, 321
0, 1457671370.7, 323, 0, internal
0, 1457671370.86, 324, 0, sent, 3
0, 1457671371.03, 325, 0, sent, 2
0, 1457671371.2, 326, 0, internal
0, 1457671371.36, 327, 0, internal
0, 1457671371.53, 328, 0, internal
0, 1457671371.7, 329, 0, internal
0, 1457671371.86, 333, 0, recieved, 1, 332
0, 1457671372.03, 334, 0, recieved, 1, 333
0, 1457671372.2, 335, 0, sent, 2
0, 1457671372.36, 336, 0, internal
0, 1457671372.53, 338, 0, recieved, 2, 337
0, 1457671372.7, 340, 0, recieved, 1, 339
0, 1457671372.86, 341, 0, internal
0, 1457671373.03, 343, 0, recieved, 1, 342
0, 1457671373.2, 344, 0, internal
0, 1457671373.36, 345, 0, sent, 1
0, 1457671373.53, 346, 0, sent, 3
0, 1457671373.7, 347, 0, internal
0, 1457671373.86, 348, 0, internal
0, 1457671374.03, 349, 0, internal
0, 1457671374.2, 353, 0, recieved, 1, 352
0, 1457671374.36, 354, 0, sent, 3
0, 1457671374.53, 355, 0, recieved, 1, 354
0, 1457671374.7, 356, 0, internal
0, 1457671374.86, 357, 0, sent, 3
0, 1457671375.03, 358, 0, internal
0, 1457671375.2, 359, 0, internal
0, 1457671375.36, 360, 0, sent, 2
0, 1457671375.53, 364, 0, recieved, 1, 363
0, 1457671375.7, 365, 0, internal
0, 1457671375.86, 366, 0, sent, 1
0, 1457671376.03, 367, 0, sent, 1
0, 1457671376.2, 368, 0, sent, 2
0, 1457671376.36, 369, 0, internal
0, 1457671376.53, 373, 0, recieved, 1, 372
0, 1457671376.7, 374, 0, sent, 1
0, 1457671376.86, 375, 0, internal
0, 1457671377.03, 376, 0, internal
0, 1457671377.2, 377, 0, recieved, 2, 375
0, 1457671377.36, 378, 0, sent, 3
0, 1457671377.53, 379, 0, internal
0, 1457671377.7, 380, 0, internal
0, 1457671377.86, 381, 0, internal
0, 1457671378.03, 382, 0, sent, 3
0, 1457671378.2, 383, 0, internal
0, 1457671378.36, 384, 0, internal
0, 1457671378.53, 385, 0, internal
0, 1457671378.7, 386, 0, sent, 3
0, 1457671378.86, 387, 0, internal
0, 1457671379.03, 388, 0, sent, 3
0, 1457671379.2, 389, 0, sent, 3
0, 1457671379.36, 390, 0, internal
0, 1457671379.53, 398, 0, recieved, 1, 397
0, 1457671379.7, 399, 0, recieved, 1, 398
0, 1457671379.86, 400, 0, recieved, 1, 399
0, 1457671380.03, 401, 0, internal
0, 1457671380.2, 402, 0, internal
0, 1457671380.36, 403, 0, recieved, 2, 402
0, 1457671380.53, 406, 0, recieved, 1, 405
0, 1457671380.7, 407, 0, sent, 3
0, 1457671380.86, 408, 0, sent, 2
0, 1457671381.03, 411, 0, recieved, 1, 410
0, 1457671381.2, 412, 0, recieved, 1, 411
0, 1457671381.36, 413, 0, internal
0, 1457671381.53, 414, 0, internal
0, 1457671381.7, 416, 1, recieved, 1, 415
0, 1457671381.86, 417, 0, recieved, 2, 415
0, 1457671382.03, 418, 0, internal
0, 1457671382.2, 420, 0, recieved, 2, 419
0, 1457671382.36, 421, 0, internal
0, 1457671382.53, 422, 0, internal
0, 1457671382.7, 423, 0, sent, 2
0, 1457671382.86, 424, 0, sent, 1
0, 1457671383.03, 425, 0, internal
0, 1457671383.2, 426, 0, sent, 2
0, 1457671383.36, 427, 0, internal
0, 1457671383.53, 431, 0, recieved, 1, 430
0, 1457671383.7, 433, 0, recieved, 2, 432
0, 1457671383.86, 434, 0, internal
0, 1457671384.03, 435, 0, sent, 2
0, 1457671384.2, 436, 0, internal
0, 1457671384.36, 437, 0, internal
0, 1457671384.53, 439, 0, recieved, 1, 438
0, 1457671384.7, 440, 0, sent, 3
0, 1457671384.86, 441, 0, internal
0, 1457671385.03, 442, 0, sent, 2
0, 1457671385.2, 443, 0, internal
0, 1457671385.36, 444, 0, sent, 2
0, 1457671385.53, 445, 0, internal
0, 1457671385.7, 446, 0, internal
0, 1457671385.86, 447, 0, internal
0, 1457671386.03, 448, 0, internal
0, 1457671386.2, 449, 0, sent, 2
0, 1457671386.36, 450, 0, internal
0, 1457671386.53, 451, 0, internal
0, 1457671386.7, 452, 0, sent, 1
0, 1457671386.86, 453, 0, internal
0, 1457671387.03, 457, 0, recieved, 2, 456
0, 1457671387.2, 458, 0, internal
0, 1457671387.36, 459, 0, recieved, 2, 458
0, 1457671387.53, 463, 1, recieved, 1, 462
0, 1457671387.7, 464, 1, recieved, 1, 463
0, 1457671387.86, 465, 0, recieved, 1, 464
0, 1457671388.03, 466, 0, internal
0, 1457671388.2, 467, 0, internal
0, 1457671388.36, 468, 0, internal
0, 1457671388.53, 469, 0, recieved, 2, 468
0, 1457671388.7, 470, 0, recieved, 2, 469
0, 1457671388.86, 471, 0, sent, 3
0, 1457671389.03, 472, 0, sent, 2
0, 1457671389.2, 473, 0, sent, 2
0, 1457671389.36, 474, 0, sent, 3
0, 1457671389.53, 475, 0, internal
0, 1457671389.7, 476, 0, sent, 2
0, 1457671389.86, 477, 0, internal
0, 1457671390.03, 483, 0, recieved, 1, 482
0, 1457671390.2, 484, 0, sent, 2
0, 1457671390.36, 485, 0, internal
0, 1457671390.53, 487, 0, recieved, 1, 486
0, 1457671390.7, 489, 0, recieved, 1, 488
1, 1457671330.86, 2, 0, sent, 1
1, 1457671330.99, 3, 0, sent, 3
1, 1457671331.11, 4, 0, internal
1, 1457671331.24, 5, 0, internal
1, 1457671331.36, 6, 0, recieved, 2, 5
1, 1457671331.49, 7, 0, internal
1, 1457671331.61, 8, 0, internal
1, 1457671331.74, 9, 0, internal
1, 1457671331.86, 10, 0, sent, 3
1, 1457671331.99, 11, 0, internal
1, 1457671332.11, 12, 0, internal
1, 1457671332.24, 13, 0, internal
1, 1457671332.36, 14, 0, recieved, 0, 13
1, 1457671332.49, 15, 0, recieved, 2, 14
1, 1457671332.61, 16, 0, internal
1, 1457671332.74, 17, 0, internal
1, 1457671332.86, 18, 0, internal
1, 1457671332.99, 19, 0, internal
1, 1457671333.11, 20, 0, internal
1, 1457671333.24, 21, 0, recieved, 0, 18
1, 1457671333.36, 22, 0, sent, 1
1, 1457671333.49, 23, 0, internal
1, 1457671333.61, 24, 0, internal
1, 1457671333.74, 25, 0, recieved, 0, 24
1, 1457671333.86, 26, 0, internal
1, 1457671333.99, 27, 0, internal
1, 1457671334.11, 28, 1, recieved, 0, 26
1, 1457671334.24, 29, 0, recieved, 2, 27
1, 1457671334.36, 30, 0, sent, 3
1, 1457671334.49, 31, 0, internal
1, 1457671334.61, 32, 0, internal
1, 1457671334.74, 33, 0, internal
1, 1457671334.86, 34, 0, internal
1, 1457671334.99, 35, 0, sent, 2
1, 1457671335.11, 36, 0, recieved, 0, 34
1, 1457671335.24, 37, 0, recieved, 0, 35
1, 1457671335.36, 38, 0, internal
1, 1457671335.49, 39, 0, recieved, 2, 38
1, 1457671335.61, 40, 0, sent, 2
1, 1457671335.74, 41, 0, internal
1, 1457671335.86, 42, 0, internal
1, 1457671335.99, 43, 0, internal
1, 1457671336.11, 44, 0, sent, 3
1, 1457671336.24, 45, 0, sent, 1
1, 1457671336.36, 46, 0, internal
1, 1457671336.49, 47, 0, sent, 1
1, 1457671336.61, 48, 0, sent, 3
1, 1457671336.74, 49, 0, sent, 1
1, 1457671336.86, 50, 0, sent, 2
1, 1457671336.99, 51, 0, internal
1, 1457671337.11, 52, 0, sent, 1
1, 1457671337.24, 53, 0, internal
1, 1457671337.36, 55, 0, recieved, 0, 54
1, 1457671337.49, 56, 0, recieved, 2, 54
1, 1457671337.61, 57, 0, sent, 3
1, 1457671337.74, 58, 0, internal
1, 1457671337.86, 59, 0, internal
1, 1457671337.99, 60, 0, internal
1, 1457671338.11, 61, 0, internal
1, 1457671338.24, 62, 0, recieved, 0, 61
1, 1457671338.36, 63, 0, recieved, 2, 61
1, 1457671338.49, 64, 0, sent, 3
1, 1457671338.61, 65, 0, sent, 3
1, 1457671338.74, 66, 0, internal
1, 1457671338.86, 67, 0, internal
1, 1457671338.99, 68, 0, internal
1, 1457671339.11, 69, 0, internal
1, 1457671339.24, 70, 0, recieved, 0, 69
1, 1457671339.36, 71, 0, sent, 2
1, 1457671339.49, 72, 0, recieved, 0, 70
1, 1457671339.61, 73, 0, internal
1, 1457671339.74, 74, 0, recieved, 0, 72
1, 1457671339.86, 75, 0, recieved, 0, 73
1, 1457671339.99, 76, 0, internal
1, 1457671340.11, 77, 0, internal
1, 1457671340.24, 78, 0, internal
1, 1457671340.36, 79, 0, sent, 3
1, 1457671340.49, 80, 0, sent, 2
1, 1457671340.61, 81, 0, internal
1, 1457671340.74, 82, 0, internal
1, 1457671340.86, 83, 0, internal
1, 1457671340.99, 84, 0, internal
1, 1457671341.11, 85, 0, sent, 2
1, 1457671341.24, 86, 0, internal
1, 1457671341.36, 87, 0, internal
1, 1457671341.49, 88, 0, sent, 2
1, 1457671341.61, 89, 0, recieved, 0, 86
1, 1457671341.74, 90, 0, sent, 3
1, 1457671341.86, 91, 0, internal
1, 1457671341.99, 92, 0, internal
1, 1457671342.11, 93, 0, recieved, 0, 92
1, 1457671342.24, 94, 0, internal
1, 1457671342.36, 95, 0, sent, 3
1, 1457671342.49, 96, 0, sent, 3
1, 1457671342.61, 97, 0, internal
1, 1457671342.74, 98, 0, internal
1, 1457671342.86, 99, 0, internal
1, 1457671342.99, 100, 0, recieved, 2, 98
1, 1457671343.11, 101, 0, sent, 1
1, 1457671343.24, 102, 0, internal
1, 1457671343.36, 103, 0, internal
1, 1457671343.49, 104, 0, internal
1, 1457671343.61, 105, 0, recieved, 0, 103
1, 1457671343.74, 106, 0, internal
1, 1457671343.86, 107, 0, internal
1, 1457671343.99, 108, 0, recieved, 2, 105
1, 1457671344.11, 109, 0, sent, 2
1, 1457671344.24, 110, 0, recieved, 0, 107
1, 1457671344.36, 111, 0, sent, 3
1, 1457671344.49, 112, 0, internal
1, 1457671344.61, 113, 0, internal
1, 1457671344.74, 114, 0, sent, 2
1, 1457671344.86, 115, 0, internal
1, 1457671344.99, 116, 0, internal
1, 1457671345.11, 117, 0, internal
1, 1457671345.24, 118, 0, sent, 1
1, 1457671345.36, 119, 0, internal
1, 1457671345.49, 120, 0, internal
1, 1457671345.61, 121, 0, recieved, 0, 120
1, 1457671345.74, 122, 0, sent, 3
1, 1457671345.86, 123, 0, internal
1, 1457671345.99, 124, 0, internal
1, 1457671346.11, 125, 0, internal
1, 1457671346.24, 126, 0, internal
1, 1457671346.36, 127, 0, internal
1, 1457671346.49, 128, 0, sent, 1
1, 1457671346.61, 129, 0, sent, 2
1, 1457671346.74, 130, 0, internal
1, 1457671346.86, 131, 0, internal
1, 1457671346.99, 132, 0, internal
1, 1457671347.11, 133, 0, recieved, 2, 132
1, 1457671347.24, 134, 0, recieved, 0, 132
1, 1457671347.36, 135, 0, internal
1, 1457671347.49, 136, 0, recieved, 0, 133
1, 1457671347.61, 137, 0, internal
1, 1457671347.74, 138, 0, sent, 1
1, 1457671347.86, 139, 0, internal
1, 1457671347.99, 140, 0, sent, 2
1, 1457671348.11, 141, 0, internal
1, 1457671348.24, 142, 0, sent, 3
1, 1457671348.36, 143, 0, internal
1, 1457671348.49, 144, 0, internal
1, 1457671348.61, 145, 0, internal
1, 1457671348.74, 146, 0, sent, 2
1, 1457671348.86, 147, 0, internal
1, 1457671348.99, 148, 0, internal
1, 1457671349.11, 149, 0, recieved, 2, 148
1, 1457671349.24, 150, 0, internal
1, 1457671349.36, 151, 0, recieved, 2, 149
1, 1457671349.49, 152, 0, internal
1, 1457671349.61, 153, 0, sent, 2
1, 1457671349.74, 154, 0, sent, 1
1, 1457671349.86, 155, 0, internal
1, 1457671349.99, 156, 0, internal
1, 1457671350.11, 157, 0, recieved, 0, 156
1, 1457671350.24, 158, 0, sent, 1
1, 1457671350.36, 159, 0, internal
1, 1457671350.49, 160, 0, internal
1, 1457671350.61, 161, 0, internal
1, 1457671350.74, 162, 0, recieved, 2, 160
1, 1457671350.86, 163, 0, internal
1, 1457671350.99, 164, 0, internal
1, 1457671351.11, 165, 0, internal
1, 1457671351.24, 166, 0, sent, 2
1, 1457671351.36, 167, 0, internal
1, 1457671351.49, 168, 0, internal
1, 1457671351.61, 169, 0, recieved, 0, 166
1, 1457671351.74, 170, 0, sent, 1
1, 1457671351.86, 171, 0, sent, 1
1, 1457671351.99, 172, 0, recieved, 2, 170
1, 1457671352.11, 173, 0, internal
1, 1457671352.24, 174, 0, internal
1, 1457671352.36, 175, 0, internal
1, 1457671352.49, 176, 0, sent, 2
1, 1457671352.61, 177, 0, internal
1, 1457671352.74, 178, 0, internal
1, 1457671352.86, 179, 0, internal
1, 1457671352.99, 180, 0, internal
1, 1457671353.11, 181, 0, recieved, 0, 178
1, 1457671353.24, 182, 0, recieved, 0, 179
1, 1457671353.36, 183, 0, internal
1, 1457671353.49, 184, 0, recieved, 2, 181
1, 1457671353.61, 185, 0, sent, 3
1, 1457671353.74, 186, 0, internal
1, 1457671353.86, 187, 0, sent, 2
1, 1457671353.99, 188, 0, internal
1, 1457671354.11, 189, 0, internal
1, 1457671354.24, 190, 0, internal
1, 1457671354.36, 191, 0, sent, 2
1, 1457671354.49, 192, 0, internal
1, 1457671354.61, 193, 0, recieved, 0, 191
1, 1457671354.74, 194, 0, internal
1, 1457671354.86, 195, 0, internal
1, 1457671354.99, 196, 0, recieved, 0, 193
1, 1457671355.11, 197, 0, sent, 2
1, 1457671355.24, 198, 0, internal
1, 1457671355.36, 199, 0, internal
1, 1457671355.49, 200, 0, recieved, 0, 196
1, 1457671355.61, 201, 0, sent, 2
1, 1457671355.74, 202, 0, sent, 1
1, 1457671355.86, 203, 0, internal
1, 1457671355.99, 204, 0, internal
1, 1457671356.11, 205, 0, internal
1, 1457671356.24, 206, 0, sent, 2
1, 1457671356.36, 207, 0, sent, 1
1, 1457671356.49, 208, 0, internal
1, 1457671356.61, 209, 0, internal
1, 1457671356.74, 210, 0, recieved, 0, 209
1, 1457671356.86, 211, 0, sent, 2
1, 1457671356.99, 212, 0, recieved, 0, 210
1, 1457671357.11, 213, 0, sent, 3
1, 1457671357.24, 214, 0, internal
1, 1457671357.36, 215, 0, internal
1, 1457671357.49, 216, 0, internal
1, 1457671357.61, 217, 0, recieved, 0, 216
1, 1457671357.74, 218, 0, sent, 2
1, 1457671357.86, 219, 0, internal
1, 1457671357.99, 220, 0, recieved, 0, 218
1, 1457671358.11, 221, 0, internal
1, 1457671358.24, 222, 0, internal
1, 1457671358.36, 223, 0, internal
1, 1457671358.49, 224, 0, internal
1, 1457671358.61, 225, 0, sent, 3
1, 1457671358.74, 226, 0, sent, 1
1, 1457671358.86, 227, 0, internal
1, 1457671358.99, 228, 0, sent, 3
1, 1457671359.11, 229, 0, internal
1, 1457671359.24, 230, 0, internal
1, 1457671359.36, 231, 0, internal
1, 1457671359.49, 232, 0, internal
1, 1457671359.61, 233, 0, sent, 1
1, 1457671359.74, 234, 0, recieved, 2, 232
1, 1457671359.86, 235, 0, internal
1, 1457671359.99, 236, 0, recieved, 0, 235
1, 1457671360.11, 237, 1, recieved, 0, 236
1, 1457671360.24, 238, 0, recieved, 2, 234
1, 1457671360.36, 239, 0, internal
1, 1457671360.49, 240, 0, internal
1, 1457671360.61, 241, 0, sent, 1
1, 1457671360.74, 242, 0, internal
1, 1457671360.86, 243, 0, internal
1, 1457671360.99, 244, 0, internal
1, 1457671361.11, 245, 0, internal
1, 1457671361.24, 246, 0, sent, 1
1, 1457671361.36, 247, 0, internal
1, 1457671361.49, 248, 0, recieved, 2, 244
1, 1457671361.61, 249, 0, sent, 1
1, 1457671361.74, 250, 0, recieved, 2, 245
1, 1457671361.86, 251, 0, internal
1, 1457671361.99, 252, 0, internal
1, 1457671362.11, 253, 0, internal
1, 1457671362.24, 254, 0, internal
1, 1457671362.36, 255, 0, recieved, 2, 248
1, 1457671362.49, 256, 0, sent, 1
1, 1457671362.61, 257, 0, internal
1, 1457671362.74, 258, 0, internal
1, 1457671362.86, 259, 0, internal
1, 1457671362.99, 260, 0, sent, 3
1, 1457671363.11, 261, 0, internal
1, 1457671363.24, 262, 0, sent, 3
1, 1457671363.36, 263, 0, internal
1, 1457671363.49, 264, 0, internal
1, 1457671363.61, 265, 0, recieved, 0, 264
1, 1457671363.74, 266, 0, recieved, 0, 265
1, 1457671363.86, 267, 0, internal
1, 1457671363.99, 268, 0, recieved, 0, 266
1, 1457671364.11, 269, 0, internal
1, 1457671364.24, 270, 0, internal
1, 1457671364.36, 271, 0, recieved, 2, 268
1, 1457671364.49, 272, 0, recieved, 2, 269
1, 1457671364.61, 273, 0, internal
1, 1457671364.74, 274, 0, recieved, 0, 271
1, 1457671364.86, 275, 0, internal
1, 1457671364.99, 276, 0, internal
1, 1457671365.11, 277, 0, recieved, 2, 273
1, 1457671365.24, 278, 0, internal
1, 1457671365.36, 279, 0, recieved, 2, 274
1, 1457671365.49, 280, 0, internal
1, 1457671365.61, 281, 0, internal
1, 1457671365.74, 282, 0, internal
1, 1457671365.86, 283, 0, sent, 1
1, 1457671365.99, 284, 0, internal
1, 1457671366.11, 285, 0, internal
1, 1457671366.24, 286, 0, internal
1, 1457671366.36, 287, 0, internal
1, 1457671366.49, 288, 0, recieved, 2, 280
1, 1457671366.61, 289, 0, sent, 3
1, 1457671366.74, 290, 0, internal
1, 1457671366.86, 291, 0, internal
1, 1457671366.99, 292, 0, internal
1, 1457671367.11, 293, 0, sent, 1
1, 1457671367.24, 294, 0, sent, 1
1, 1457671367.36, 295, 0, recieved, 2, 294
1, 1457671367.49, 296, 0, internal
1, 1457671367.61, 297, 0, internal
1, 1457671367.74, 298, 0, internal
1, 1457671367.86, 299, 0, internal
1, 1457671367.99, 300, 0, internal
1, 1457671368.11, 301, 0, recieved, 2, 298
1, 1457671368.24, 302, 0, internal
1, 1457671368.36, 303, 0, sent, 2
1, 1457671368.49, 304, 0, internal
1, 1457671368.61, 305, 0, recieved, 0, 302
1, 1457671368.74, 306, 0, sent, 2
1, 1457671368.86, 307, 0, internal
1, 1457671368.99, 308, 0, sent, 3
1, 1457671369.11, 309, 0, internal
1, 1457671369.24, 311, 0, recieved, 0, 310
1, 1457671369.36, 312, 0, internal
1, 1457671369.49, 313, 0, sent, 1
1, 1457671369.61, 314, 0, sent, 2
1, 1457671369.74, 316, 0, recieved, 0, 315
1, 1457671369.86, 317, 0, internal
1, 1457671369.99, 318, 0, recieved, 0, 316
1, 1457671370.11, 319, 0, internal
1, 1457671370.24, 320, 0, internal
1, 1457671370.36, 321, 0, sent, 3
1, 1457671370.49, 322, 0, sent, 2
1, 1457671370.61, 323, 0, internal
1, 1457671370.74, 324, 0, internal
1, 1457671370.86, 325, 0, recieved, 0, 324
1, 1457671370.99, 326, 0, internal
1, 1457671371.11, 327, 0, internal
1, 1457671371.24, 328, 0, internal
1, 1457671371.36, 329, 0, internal
1, 1457671371.49, 330, 0, internal
1, 1457671371.61, 331, 0, internal
1, 1457671371.74, 332, 0, sent, 1
1, 1457671371.86, 333, 0, sent, 3
1, 1457671371.99, 334, 0, internal
1, 1457671372.11, 335, 0, internal
1, 1457671372.24, 336, 0, internal
1, 1457671372.36, 337, 0, internal
1, 1457671372.49, 338, 0, recieved, 2, 337
1, 1457671372.61, 339, 0, sent, 3
1, 1457671372.74, 340, 0, internal
1, 1457671372.86, 341, 0, sent, 2
1, 1457671372.99, 342, 0, sent, 1
1, 1457671373.11, 344, 0, recieved, 2, 343
1, 1457671373.24, 345, 0, internal
1, 1457671373.36, 346, 0, recieved, 0, 345
1, 1457671373.49, 347, 0, sent, 2
1, 1457671373.61, 348, 0, recieved, 0, 346
1, 1457671373.74, 349, 0, internal
1, 1457671373.86, 350, 0, sent, 2
1, 1457671373.99, 351, 0, sent, 2
1, 1457671374.11, 352, 0, sent, 1
1, 1457671374.24, 353, 0, internal
1, 1457671374.36, 354, 0, sent, 3
1, 1457671374.49, 355, 0, recieved, 0, 354
1, 1457671374.61, 356, 0, internal
1, 1457671374.74, 357, 0, internal
1, 1457671374.86, 358, 0, recieved, 0, 357
1, 1457671374.99, 359, 0, internal
1, 1457671375.11, 360, 0, sent, 2
1, 1457671375.24, 361, 0, internal
1, 1457671375.36, 362, 0, internal
1, 1457671375.49, 363, 0, sent, 1
1, 1457671375.61, 364, 0, internal
1, 1457671375.74, 365, 0, internal
1, 1457671375.86, 367, 0, recieved, 0, 366
1, 1457671375.99, 368, 0, internal
1, 1457671376.11, 369, 0, recieved, 0, 367
1, 1457671376.24, 370, 0, internal
1, 1457671376.36, 371, 0, sent, 2
1, 1457671376.49, 372, 0, sent, 3
1, 1457671376.61, 373, 0, internal
1, 1457671376.74, 375, 0, recieved, 0, 374
1, 1457671376.86, 376, 0, internal
1, 1457671376.99, 377, 0, internal
1, 1457671377.11, 378, 0, recieved, 2, 375
1, 1457671377.24, 379, 0, internal
1, 1457671377.36, 380, 0, recieved, 0, 378
1, 1457671377.49, 381, 0, sent, 2
1, 1457671377.61, 382, 0, internal
1, 1457671377.74, 383, 0, internal
1, 1457671377.86, 384, 0, internal
1, 1457671377.99, 385, 0, internal
1, 1457671378.11, 386, 0, recieved, 0, 382
1, 1457671378.24, 387, 0, internal
1, 1457671378.36, 388, 0, sent, 2
1, 1457671378.49, 389, 0, internal
1, 1457671378.61, 390, 0, internal
1, 1457671378.74, 391, 0, recieved, 0, 386
1, 1457671378.86, 392, 0, internal
1, 1457671378.99, 393, 0, internal
1, 1457671379.11, 394, 0, recieved, 0, 388
1, 1457671379.24, 395, 0, recieved, 0, 389
1, 1457671379.36, 396, 0, sent, 2
1, 1457671379.49, 397, 0, sent, 1
1, 1457671379.61, 398, 0, sent, 3
1, 1457671379.74, 399, 0, sent, 3
1, 1457671379.86, 400, 0, internal
1, 1457671379.99, 401, 0, internal
1, 1457671380.11, 402, 0, internal
1, 1457671380.24, 403, 0, internal
1, 1457671380.36, 404, 0, recieved, 2, 402
1, 1457671380.49, 405, 0, sent, 3
1, 1457671380.61, 406, 0, internal
1, 1457671380.74, 408, 0, recieved, 0, 407
1, 1457671380.86, 409, 0, internal
1, 1457671380.99, 410, 0, sent, 1
1, 1457671381.11, 411, 0, sent, 3
1, 1457671381.24, 412, 0, internal
1, 1457671381.36, 413, 0, sent, 2
1, 1457671381.49, 414, 0, internal
1, 1457671381.61, 415, 0, sent, 1
1, 1457671381.74, 416, 0, recieved, 2, 415
1, 1457671381.86, 417, 0, sent, 2
1, 1457671381.99, 418, 0, internal
1, 1457671382.11, 420, 0, recieved, 2, 419
1, 1457671382.24, 421, 0, internal
1, 1457671382.36, 422, 0, internal
1, 1457671382.49, 423, 0, internal
1, 1457671382.61, 424, 0, internal
1, 1457671382.74, 425, 0, internal
1, 1457671382.86, 426, 0, recieved, 0, 424
1, 1457671382.99, 427, 0, internal
1, 1457671383.11, 428, 0, internal
1, 1457671383.24, 429, 0, internal
1, 1457671383.36, 430, 0, sent, 3
1, 1457671383.49, 431, 0, internal
1, 1457671383.61, 432, 0, internal
1, 1457671383.74, 433, 0, recieved, 2, 432
1, 1457671383.86, 434, 0, sent, 2
1, 1457671383.99, 435, 0, internal
1, 1457671384.11, 436, 0, internal
1, 1457671384.24, 437, 0, sent, 2
1, 1457671384.36, 438, 0, sent, 3
1, 1457671384.49, 439, 0, internal
1, 1457671384.61, 440, 0, internal
1, 1457671384.74, 441, 0, recieved, 0, 440
1, 1457671384.86, 442, 0, internal
1, 1457671384.99, 443, 0, internal
1, 1457671385.11, 444, 0, internal
1, 1457671385.24, 445, 0, internal
1, 1457671385.36, 446, 0, internal
1, 1457671385.49, 447, 0, internal
1, 1457671385.61, 448, 0, internal
1, 1457671385.74, 449, 0, internal
1, 1457671385.86, 450, 0, internal
1, 1457671385.99, 451, 0, sent, 2
1, 1457671386.11, 452, 0, internal
1, 1457671386.24, 453, 0, sent, 2
1, 1457671386.36, 454, 0, internal
1, 1457671386.49, 455, 0, internal
1, 1457671386.61, 456, 0, internal
1, 1457671386.74, 457, 0, recieved, 0, 452
1, 1457671386.86, 458, 0, internal
1, 1457671386.99, 459, 0, internal
1, 1457671387.11, 460, 0, internal
1, 1457671387.24, 461, 0, internal
1, 1457671387.36, 462, 0, sent, 1
1, 1457671387.49, 463, 0, sent, 3
1, 1457671387.61, 464, 0, sent, 3
1, 1457671387.74, 465, 0, internal
1, 1457671387.86, 466, 0, internal
1, 1457671387.99, 467, 0, internal
1, 1457671388.11, 468, 0, internal
1, 1457671388.24, 469, 0, internal
1, 1457671388.36, 470, 0, internal
1, 1457671388.49, 471, 0, recieved, 2, 468
1, 1457671388.61, 472, 0, internal
1, 1457671388.74, 473, 0, recieved, 2, 469
1, 1457671388.86, 474, 0, recieved, 0, 471
1, 1457671388.99, 475, 0, internal
1, 1457671389.11, 476, 0, internal
1, 1457671389.24, 477, 0, internal
1, 1457671389.36, 478, 0, recieved, 0, 474
1, 1457671389.49, 479, 0, internal
1, 1457671389.61, 480, 0, sent, 2
1, 1457671389.74, 481, 0, internal
1, 1457671389.86, 482, 0, sent, 3
1, 1457671389.99, 483, 0, internal
1, 1457671390.11, 484, 0, sent, 2
1, 1457671390.24, 485, 0, internal
1, 1457671390.36, 486, 0, sent, 3
1, 1457671390.49, 487, 0, internal
1, 1457671390.61, 488, 0, sent, 1
1, 1457671390.74, 489, 0, internal
2, 1457671330.86, 2, 0, internal
2, 1457671331.07, 4, 0, recieved, 1, 3
2, 1457671331.27, 5, 0, sent, 3
2, 1457671331.47, 6, 0, internal
2, 1457671331.67, 8, 0, recieved, 0, 7
2, 1457671331.87, 11, 0, recieved, 1, 10
2, 1457671332.07, 12, 0, internal
2, 1457671332.27, 13, 0, internal
2, 1457671332.47, 14, 0, sent, 2
2, 1457671332.67, 15, 0, internal
2, 1457671332.87, 16, 0, internal
2, 1457671333.07, 17, 0, internal
2, 1457671333.27, 19, 0, recieved, 0, 18
2, 1457671333.47, 20, 0, internal
2, 1457671333.67, 21, 0, internal
2, 1457671333.87, 26, 0, recieved, 0, 25
2, 1457671334.07, 27, 0, sent, 3
2, 1457671334.27, 28, 0, sent, 1
2, 1457671334.47, 31, 0, recieved, 1, 30
2, 1457671334.67, 32, 0, internal
2, 1457671334.87, 33, 0, recieved, 0, 32
2, 1457671335.07, 36, 0, recieved, 1, 35
2, 1457671335.27, 37, 0, recieved, 0, 35
2, 1457671335.47, 38, 0, sent, 2
2, 1457671335.67, 41, 0, recieved, 1, 40
2, 1457671335.87, 42, 0, internal
2, 1457671336.07, 43, 0, internal
2, 1457671336.27, 45, 0, recieved, 1, 44
2, 1457671336.46, 46, 0, sent, 1
2, 1457671336.67, 49, 0, recieved, 1, 48
2, 1457671336.87, 51, 0, recieved, 1, 50
2, 1457671337.07, 52, 0, internal
2, 1457671337.27, 53, 0, internal
2, 1457671337.47, 54, 0, sent, 3
2, 1457671337.67, 58, 0, recieved, 1, 57
2, 1457671337.87, 59, 0, internal
2, 1457671338.07, 60, 0, internal
2, 1457671338.27, 61, 0, sent, 2
2, 1457671338.47, 63, 0, recieved, 0, 62
2, 1457671338.67, 65, 1, recieved, 1, 64
2, 1457671338.87, 66, 1, recieved, 1, 65
2, 1457671339.07, 68, 0, recieved, 0, 67
2, 1457671339.27, 69, 0, internal
2, 1457671339.47, 71, 1, recieved, 0, 70
2, 1457671339.67, 72, 0, recieved, 1, 71
2, 1457671339.87, 73, 1, recieved, 0, 72
2, 1457671340.07, 74, 0, recieved, 0, 73
2, 1457671340.27, 75, 0, internal
2, 1457671340.47, 80, 0, recieved, 1, 79
2, 1457671340.67, 81, 0, recieved, 1, 80
2, 1457671340.87, 82, 0, recieved, 0, 81
2, 1457671341.07, 83, 0, internal
2, 1457671341.27, 86, 0, recieved, 1, 85
2, 1457671341.47, 87, 0, recieved, 0, 85
2, 1457671341.67, 89, 1, recieved, 1, 88
2, 1457671341.87, 90, 1, recieved, 0, 86
2, 1457671342.07, 91, 0, recieved, 1, 90
2, 1457671342.27, 94, 0, recieved, 0, 93
2, 1457671342.47, 96, 0, recieved, 1, 95
2, 1457671342.67, 97, 0, recieved, 1, 96
2, 1457671342.87, 98, 0, sent, 2
2, 1457671343.07, 99, 0, sent, 1
2, 1457671343.27, 100, 0, internal
2, 1457671343.47, 101, 0, internal
2, 1457671343.67, 104, 0, recieved, 0, 103
2, 1457671343.87, 105, 0, sent, 3
2, 1457671344.07, 106, 0, internal
2, 1457671344.27, 110, 1, recieved, 1, 109
2, 1457671344.47, 111, 1, recieved, 0, 107
2, 1457671344.67, 112, 0, recieved, 1, 111
2, 1457671344.87, 115, 0, recieved, 1, 114
2, 1457671345.07, 116, 0, sent, 1
2, 1457671345.27, 117, 0, internal
2, 1457671345.47, 118, 0, internal
2, 1457671345.67, 121, 0, recieved, 0, 120
2, 1457671345.87, 122, 1, recieved, 0, 121
2, 1457671346.07, 123, 0, recieved, 1, 122
2, 1457671346.27, 124, 0, sent, 1
2, 1457671346.47, 125, 0, sent, 1
2, 1457671346.67, 130, 0, recieved, 1, 129
2, 1457671346.87, 131, 0, recieved, 0, 130
2, 1457671347.07, 132, 0, sent, 2
2, 1457671347.27, 133, 0, recieved, 0, 132
2, 1457671347.47, 134, 0, sent, 1
2, 1457671347.67, 135, 0, internal
2, 1457671347.87, 136, 0, internal
2, 1457671348.07, 141, 0, recieved, 1, 140
2, 1457671348.27, 143, 0, recieved, 1, 142
2, 1457671348.47, 144, 0, internal
2, 1457671348.67, 145, 0, internal
2, 1457671348.87, 147, 0, recieved, 1, 146
2, 1457671349.07, 148, 0, sent, 2
2, 1457671349.27, 149, 0, sent, 2
2, 1457671349.47, 150, 0, internal
2, 1457671349.67, 154, 0, recieved, 1, 153
2, 1457671349.87, 155, 0, internal
2, 1457671350.07, 157, 0, recieved, 0, 156
2, 1457671350.27, 158, 0, recieved, 0, 157
2, 1457671350.47, 159, 0, internal
2, 1457671350.67, 160, 0, sent, 2
2, 1457671350.87, 161, 0, internal
2, 1457671351.07, 162, 0, sent, 1
2, 1457671351.27, 167, 0, recieved, 1, 166
2, 1457671351.47, 168, 0, recieved, 0, 165
2, 1457671351.67, 169, 0, internal
2, 1457671351.87, 170, 0, sent, 3
2, 1457671352.07, 171, 0, internal
2, 1457671352.27, 172, 0, internal
2, 1457671352.47, 173, 0, internal
2, 1457671352.67, 177, 0, recieved, 1, 176
2, 1457671352.87, 178, 0, internal
2, 1457671353.07, 179, 0, internal
2, 1457671353.27, 180, 0, internal
2, 1457671353.47, 181, 0, sent, 2
2, 1457671353.67, 186, 0, recieved, 1, 185
2, 1457671353.87, 188, 1, recieved, 0, 187
2, 1457671354.07, 189, 0, recieved, 1, 187
2, 1457671354.27, 190, 0, recieved, 0, 189
2, 1457671354.47, 192, 0, recieved, 1, 191
2, 1457671354.67, 193, 0, recieved, 0, 191
2, 1457671354.87, 194, 0, recieved, 0, 193
2, 1457671355.07, 195, 0, recieved, 0, 194
2, 1457671355.27, 198, 1, recieved, 1, 197
2, 1457671355.47, 199, 1, recieved, 0, 195
2, 1457671355.67, 200, 1, recieved, 0, 196
2, 1457671355.87, 202, 0, recieved, 1, 201
2, 1457671356.07, 205, 0, recieved, 0, 204
2, 1457671356.27, 207, 0, recieved, 1, 206
2, 1457671356.47, 208, 0, internal
2, 1457671356.67, 209, 0, internal
2, 1457671356.87, 210, 1, recieved, 0, 209
2, 1457671357.07, 212, 0, recieved, 1, 211
2, 1457671357.27, 214, 0, recieved, 1, 213
2, 1457671357.47, 215, 0, internal
2, 1457671357.67, 217, 0, recieved, 0, 216
2, 1457671357.87, 219, 1, recieved, 1, 218
2, 1457671358.07, 220, 0, recieved, 0, 218
2, 1457671358.27, 221, 0, internal
2, 1457671358.47, 222, 0, internal
2, 1457671358.67, 226, 0, recieved, 1, 225
2, 1457671358.87, 227, 0, internal
2, 1457671359.07, 229, 0, recieved, 1, 228
2, 1457671359.27, 230, 0, sent, 1
2, 1457671359.47, 231, 0, internal
2, 1457671359.67, 232, 0, sent, 2
2, 1457671359.87, 233, 0, internal
2, 1457671360.07, 234, 0, sent, 2
2, 1457671360.27, 235, 0, internal
2, 1457671360.47, 236, 0, internal
2, 1457671360.67, 240, 0, recieved, 0, 239
2, 1457671360.87, 241, 0, internal
2, 1457671361.07, 242, 0, internal
2, 1457671361.27, 243, 0, sent, 1
2, 1457671361.47, 244, 0, sent, 3
2, 1457671361.67, 245, 0, sent, 3
2, 1457671361.87, 246, 0, internal
2, 1457671362.07, 247, 0, internal
2, 1457671362.27, 248, 0, sent, 3
2, 1457671362.47, 249, 0, internal
2, 1457671362.67, 250, 0, internal
2, 1457671362.87, 251, 0, sent, 1
2, 1457671363.07, 261, 0, recieved, 1, 260
2, 1457671363.27, 263, 0, recieved, 1, 262
2, 1457671363.47, 264, 0, internal
2, 1457671363.67, 265, 0, recieved, 0, 264
2, 1457671363.87, 266, 1, recieved, 0, 265
2, 1457671364.07, 267, 0, recieved, 0, 266
2, 1457671364.27, 268, 0, sent, 3
2, 1457671364.47, 269, 0, sent, 2
2, 1457671364.67, 270, 0, internal
2, 1457671364.87, 272, 0, recieved, 0, 271
2, 1457671365.07, 273, 0, sent, 2
2, 1457671365.27, 274, 0, sent, 2
2, 1457671365.47, 275, 0, internal
2, 1457671365.67, 276, 0, internal
2, 1457671365.87, 277, 0, internal
2, 1457671366.07, 278, 0, internal
2, 1457671366.27, 279, 0, internal
2, 1457671366.47, 280, 0, sent, 2
2, 1457671366.67, 290, 0, recieved, 1, 289
2, 1457671366.87, 291, 0, internal
2, 1457671367.07, 293, 0, recieved, 0, 292
2, 1457671367.27, 294, 0, sent, 3
2, 1457671367.47, 295, 0, internal
2, 1457671367.67, 296, 0, internal
2, 1457671367.87, 297, 0, internal
2, 1457671368.07, 298, 0, sent, 3
2, 1457671368.27, 299, 0, sent, 1
2, 1457671368.47, 304, 0, recieved, 1, 303
2, 1457671368.67, 305, 0, internal
2, 1457671368.87, 307, 0, recieved, 1, 306
2, 1457671369.07, 309, 0, recieved, 1, 308
2, 1457671369.27, 311, 0, recieved, 0, 310
2, 1457671369.47, 312, 0, recieved, 0, 311
2, 1457671369.67, 315, 0, recieved, 1, 314
2, 1457671369.87, 316, 1, recieved, 0, 315
2, 1457671370.07, 317, 0, recieved, 0, 316
2, 1457671370.27, 318, 0, internal
2, 1457671370.47, 322, 0, recieved, 1, 321
2, 1457671370.67, 323, 0, recieved, 1, 322
2, 1457671370.87, 325, 0, recieved, 0, 324
2, 1457671371.07, 326, 0, recieved, 0, 325
2, 1457671371.27, 327, 0, internal
2, 1457671371.47, 328, 0, internal
2, 1457671371.67, 329, 0, internal
2, 1457671371.87, 334, 0, recieved, 1, 333
2, 1457671372.07, 335, 0, internal
2, 1457671372.27, 336, 0, recieved, 0, 335
2, 1457671372.47, 337, 0, sent, 3
2, 1457671372.67, 340, 0, recieved, 1, 339
2, 1457671372.87, 342, 0, recieved, 1, 341
2, 1457671373.07, 343, 0, sent, 2
2, 1457671373.27, 344, 0, internal
2, 1457671373.47, 345, 0, internal
2, 1457671373.67, 348, 1, recieved, 1, 347
2, 1457671373.87, 349, 1, recieved, 0, 346
2, 1457671374.07, 351, 1, recieved, 1, 350
2, 1457671374.27, 352, 0, recieved, 1, 351
2, 1457671374.47, 355, 1, recieved, 0, 354
2, 1457671374.67, 356, 0, recieved, 1, 354
2, 1457671374.87, 358, 0, recieved, 0, 357
2, 1457671375.07, 359, 0, internal
2, 1457671375.27, 361, 0, recieved, 1, 360
2, 1457671375.47, 362, 0, recieved, 0, 360
2, 1457671375.66, 363, 0, internal
2, 1457671375.87, 364, 0, internal
2, 1457671376.07, 365, 0, internal
2, 1457671376.27, 369, 0, recieved, 0, 368
2, 1457671376.47, 372, 0, recieved, 1, 371
2, 1457671376.67, 373, 0, recieved, 1, 372
2, 1457671376.87, 374, 0, internal
2, 1457671377.07, 375, 0, sent, 3
2, 1457671377.27, 376, 0, internal
2, 1457671377.47, 379, 0, recieved, 0, 378
2, 1457671377.67, 382, 0, recieved, 1, 381
2, 1457671377.87, 383, 0, internal
2, 1457671378.07, 384, 0, recieved, 0, 382
2, 1457671378.27, 385, 0, internal
2, 1457671378.47, 389, 0, recieved, 1, 388
2, 1457671378.67, 390, 0, internal
2, 1457671378.87, 391, 0, recieved, 0, 386
2, 1457671379.07, 392, 0, recieved, 0, 388
2, 1457671379.27, 393, 0, recieved, 0, 389
2, 1457671379.47, 397, 0, recieved, 1, 396
2, 1457671379.67, 399, 0, recieved, 1, 398
2, 1457671379.87, 400, 0, recieved, 1, 399
2, 1457671380.07, 401, 0, internal
2, 1457671380.27, 402, 0, sent, 3
2, 1457671380.47, 403, 0, internal
2, 1457671380.67, 406, 0, recieved, 1, 405
2, 1457671380.87, 408, 1, recieved, 0, 407
2, 1457671381.07, 409, 0, recieved, 0, 408
2, 1457671381.27, 412, 0, recieved, 1, 411
2, 1457671381.47, 414, 0, recieved, 1, 413
2, 1457671381.67, 415, 0, sent, 3
2, 1457671381.87, 418, 0, recieved, 1, 417
2, 1457671382.07, 419, 0, sent, 3
2, 1457671382.27, 420, 0, internal
2, 1457671382.47, 421, 0, internal
2, 1457671382.67, 422, 0, internal
2, 1457671382.87, 424, 0, recieved, 0, 423
2, 1457671383.07, 425, 0, internal
2, 1457671383.27, 427, 0, recieved, 0, 426
2, 1457671383.47, 431, 0, recieved, 1, 430
2, 1457671383.67, 432, 0, sent, 3
2, 1457671383.87, 435, 0, recieved, 1, 434
2, 1457671384.07, 436, 0, recieved, 0, 435
2, 1457671384.27, 438, 0, recieved, 1, 437
2, 1457671384.47, 439, 0, recieved, 1, 438
2, 1457671384.67, 440, 0, internal
2, 1457671384.87, 441, 0, recieved, 0, 440
2, 1457671385.07, 443, 0, recieved, 0, 442
2, 1457671385.27, 444, 0, internal
2, 1457671385.47, 445, 0, recieved, 0, 444
2, 1457671385.67, 446, 0, internal
2, 1457671385.87, 447, 0, internal
2, 1457671386.07, 452, 0, recieved, 1, 451
2, 1457671386.27, 453, 1, recieved, 0, 449
2, 1457671386.47, 454, 0, recieved, 1, 453
2, 1457671386.67, 455, 0, internal
2, 1457671386.87, 456, 0, sent, 1
2, 1457671387.07, 457, 0, internal
2, 1457671387.27, 458, 0, sent, 1
2, 1457671387.47, 459, 0, internal
2, 1457671387.67, 464, 1, recieved, 1, 463
2, 1457671387.87, 465, 0, recieved, 1, 464
2, 1457671388.07, 466, 0, internal
2, 1457671388.27, 467, 0, internal
2, 1457671388.47, 468, 0, sent, 3
2, 1457671388.67, 469, 0, sent, 3
2, 1457671388.87, 472, 0, recieved, 0, 471
2, 1457671389.07, 473, 0, recieved, 0, 472
2, 1457671389.27, 474, 0, recieved, 0, 473
2, 1457671389.47, 475, 0, recieved, 0, 474
2, 1457671389.67, 481, 0, recieved, 1, 480
2, 1457671389.87, 482, 1, recieved, 0, 476
2, 1457671390.07, 483, 0, recieved, 1, 482
2, 1457671390.27, 485, 1, recieved, 1, 484
2, 1457671390.47, 486, 1, recieved, 0, 484
2, 1457671390.67, 487, 0, recieved, 1, 486
