0, 1457671029.33, 2, 0, internal
0, 1457671029.83, 4, 0, recieved, 2, 3
0, 1457671030.33, 6, 0, recieved, 2, 5
0, 1457671030.83, 8, 0, recieved, 2, 7
0, 1457671031.33, 9, 0, internal
0, 1457671031.83, 14, 1, recieved, 2, 13
0, 1457671032.33, 15, 1, recieved, 2, 14
0, 1457671032.83, 17, 1, recieved, 2, 16
0, 1457671033.33, 18, 0, recieved, 2, 17
0, 1457671033.83, 23, 1, recieved, 2, 22
0, 1457671034.33, 24, 0, recieved, 1, 21
0, 1457671034.83, 25, 0, sent, 1
0, 1457671035.33, 26, 0, internal
0, 1457671035.83, 27, 0, internal
0, 1457671036.33, 36, 0, recieved, 2, 35
0, 1457671036.83, 40, 0, recieved, 2, 39
0, 1457671037.33, 41, 0, recieved, 2, 40
0, 1457671037.83, 42, 0, sent, 1
0, 1457671038.33, 43, 0, internal
0, 1457671038.83, 44, 0, internal
0, 1457671039.33, 52, 0, recieved, 2, 51
0, 1457671039.83, 53, 1, recieved, 1, 52
0, 1457671040.33, 54, 0, recieved, 2, 53
0, 1457671040.83, 60, 0, recieved, 2, 59
0, 1457671041.33, 61, 0, internal
0, 1457671041.83, 62, 0, recieved, 1, 58
0, 1457671042.33, 66, 1, recieved, 2, 65
0, 1457671042.83, 67, 0, recieved, 2, 66
0, 1457671043.33, 72, 0, recieved, 2, 71
0, 1457671043.83, 73, 0, internal
0, 1457671044.33, 74, 0, sent, 2
0, 1457671044.83, 78, 0, recieved, 1, 77
0, 1457671045.33, 82, 0, recieved, 2, 81
0, 1457671045.83, 85, 0, recieved, 2, 84
0, 1457671046.33, 86, 0, internal
0, 1457671046.83, 90, 0, recieved, 2, 89
0, 1457671047.33, 91, 0, internal
0, 1457671047.83, 92, 0, internal
0, 1457671048.33, 93, 0, recieved, 1, 92
0, 1457671048.83, 94, 2, recieved, 1, 93
0, 1457671049.33, 98, 1, recieved, 2, 97
0, 1457671049.83, 99, 2, recieved, 2, 98
0, 1457671050.33, 102, 1, recieved, 1, 101
0, 1457671050.83, 103, 1, recieved, 1, 102
0, 1457671051.33, 110, 0, recieved, 2, 109
0, 1457671051.83, 112, 0, recieved, 1, 111
0, 1457671052.33, 116, 0, recieved, 2, 115
0, 1457671052.83, 117, 0, internal
0, 1457671053.33, 118, 0, internal
0, 1457671053.83, 124, 1, recieved, 2, 123
0, 1457671054.33, 125, 0, recieved, 2, 124
0, 1457671054.83, 127, 1, recieved, 1, 126
0, 1457671055.33, 129, 0, recieved, 2, 128
0, 1457671055.83, 130, 0, sent, 1
0, 1457671056.33, 137, 0, recieved, 2, 136
0, 1457671056.83, 138, 0, sent, 3
0, 1457671057.33, 139, 0, internal
0, 1457671057.83, 141, 0, recieved, 1, 140
0, 1457671058.33, 147, 0, recieved, 2, 146
0, 1457671058.83, 148, 0, recieved, 1, 144
0, 1457671059.33, 152, 0, recieved, 2, 151
0, 1457671059.83, 153, 0, internal
0, 1457671060.33, 154, 0, internal
0, 1457671060.83, 155, 0, sent, 1
0, 1457671061.33, 162, 0, recieved, 2, 161
0, 1457671061.83, 163, 0, recieved, 1, 159
0, 1457671062.33, 167, 0, recieved, 2, 166
0, 1457671062.83, 169, 1, recieved, 1, 168
0, 1457671063.33, 170, 0, recieved, 2, 169
0, 1457671063.83, 171, 0, sent, 2
0, 1457671064.33, 172, 0, internal
0, 1457671064.83, 173, 0, internal
0, 1457671065.33, 174, 0, internal
0, 1457671065.83, 184, 0, recieved, 2, 183
0, 1457671066.33, 185, 0, sent, 3
0, 1457671066.83, 189, 0, recieved, 2, 188
0, 1457671067.33, 190, 0, internal
0, 1457671067.83, 193, 0, recieved, 1, 192
0, 1457671068.33, 194, 0, internal
0, 1457671068.83, 195, 0, internal
0, 1457671069.33, 196, 0, internal
0, 1457671069.83, 197, 0, internal
0, 1457671070.33, 198, 0, internal
0, 1457671070.83, 209, 0, recieved, 2, 208
0, 1457671071.33, 210, 0, sent, 3
0, 1457671071.83, 211, 0, sent, 2
0, 1457671072.33, 212, 0, internal
0, 1457671072.83, 217, 0, recieved, 1, 216
0, 1457671073.33, 222, 0, recieved, 2, 221
0, 1457671073.83, 223, 0, internal
0, 1457671074.33, 224, 0, internal
0, 1457671074.83, 229, 0, recieved, 2, 228
0, 1457671075.33, 232, 0, recieved, 2, 231
0, 1457671075.83, 233, 1, recieved, 2, 232
0, 1457671076.33, 235, 1, recieved, 2, 234
0, 1457671076.83, 236, 1, recieved, 2, 235
0, 1457671077.33, 238, 0, recieved, 2, 237
0, 1457671077.83, 245, 0, recieved, 2, 244
0, 1457671078.33, 246, 0, sent, 1
0, 1457671078.83, 247, 0, internal
0, 1457671079.33, 248, 0, internal
0, 1457671079.83, 249, 0, internal
0, 1457671080.33, 253, 0, recieved, 1, 252
0, 1457671080.83, 254, 0, internal
0, 1457671081.33, 255, 0, sent, 2
0, 1457671081.83, 256, 0, internal
0, 1457671082.33, 257, 0, internal
0, 1457671082.83, 268, 0, recieved, 2, 267
0, 1457671083.33, 271, 0, recieved, 2, 270
0, 1457671083.83, 272, 0, recieved, 1, 271
0, 1457671084.33, 273, 0, internal
0, 1457671084.83, 278, 0, recieved, 2, 277
0, 1457671085.33, 279, 0, sent, 1
0, 1457671085.83, 283, 0, recieved, 2, 282
0, 1457671086.33, 284, 0, internal
0, 1457671086.83, 289, 0, recieved, 2, 288
0, 1457671087.33, 290, 0, sent, 3
0, 1457671087.83, 295, 0, recieved, 2, 294
0, 1457671088.33, 296, 0, recieved, 2, 295
0, 1457671088.83, 298, 0, recieved, 1, 297
1, 1457671029.33, 2, 0, internal
1, 1457671029.66, 3, 0, internal
1, 1457671030.0, 6, 0, recieved, 2, 5
1, 1457671030.33, 7, 0, internal
1, 1457671030.66, 8, 0, recieved, 2, 7
1, 1457671031.0, 9, 0, internal
1, 1457671031.33, 10, 0, sent, 2
1, 1457671031.66, 11, 0, internal
1, 1457671032.0, 12, 0, internal
1, 1457671032.33, 13, 0, internal
1, 1457671032.66, 18, 1, recieved, 2, 17
1, 1457671033.0, 19, 0, recieved, 2, 18
1, 1457671033.33, 20, 0, internal
1, 1457671033.66, 21, 0, sent, 3
1, 1457671034.0, 22, 0, internal
1, 1457671034.33, 23, 0, internal
1, 1457671034.66, 29, 0, recieved, 2, 28
1, 1457671035.0, 30, 0, recieved, 0, 25
1, 1457671035.33, 31, 0, internal
1, 1457671035.66, 34, 0, recieved, 2, 33
1, 1457671036.0, 35, 0, sent, 2
1, 1457671036.33, 36, 0, internal
1, 1457671036.66, 37, 0, internal
1, 1457671037.0, 40, 1, recieved, 2, 39
1, 1457671037.33, 41, 0, recieved, 2, 40
1, 1457671037.66, 42, 0, internal
1, 1457671038.0, 43, 0, recieved, 0, 42
1, 1457671038.33, 44, 0, internal
1, 1457671038.66, 45, 0, internal
1, 1457671039.0, 51, 0, recieved, 2, 50
1, 1457671039.33, 52, 0, sent, 1
1, 1457671039.66, 53, 0, sent, 2
1, 1457671040.0, 54, 0, internal
1, 1457671040.33, 55, 0, internal
1, 1457671040.66, 56, 0, internal
1, 1457671041.0, 57, 0, internal
1, 1457671041.33, 58, 0, sent, 1
1, 1457671041.66, 59, 0, sent, 2
1, 1457671042.0, 60, 0, internal
1, 1457671042.33, 67, 0, recieved, 2, 66
1, 1457671042.66, 68, 0, internal
1, 1457671043.0, 70, 0, recieved, 2, 69
1, 1457671043.33, 72, 0, recieved, 2, 71
1, 1457671043.66, 74, 0, recieved, 2, 73
1, 1457671044.0, 76, 0, recieved, 2, 75
1, 1457671044.33, 77, 0, sent, 1
1, 1457671044.66, 78, 0, internal
1, 1457671045.0, 79, 0, internal
1, 1457671045.33, 80, 0, internal
1, 1457671045.66, 81, 0, internal
1, 1457671046.0, 85, 0, recieved, 2, 84
1, 1457671046.33, 87, 0, recieved, 2, 86
1, 1457671046.66, 88, 0, internal
1, 1457671047.0, 89, 0, internal
1, 1457671047.33, 90, 0, internal
1, 1457671047.66, 91, 0, internal
1, 1457671048.0, 92, 0, sent, 3
1, 1457671048.33, 93, 0, sent, 1
1, 1457671048.66, 99, 0, recieved, 2, 98
1, 1457671049.0, 100, 0, internal
1, 1457671049.33, 101, 0, sent, 3
1, 1457671049.66, 102, 0, sent, 3
1, 1457671050.0, 103, 0, internal
1, 1457671050.33, 104, 0, internal
1, 1457671050.66, 105, 0, internal
1, 1457671051.0, 110, 0, recieved, 2, 109
1, 1457671051.33, 111, 0, sent, 1
1, 1457671051.66, 112, 0, internal
1, 1457671052.0, 116, 0, recieved, 2, 115
1, 1457671052.33, 117, 0, internal
1, 1457671052.66, 119, 0, recieved, 2, 118
1, 1457671053.0, 120, 0, recieved, 2, 119
1, 1457671053.33, 121, 0, internal
1, 1457671053.66, 124, 0, recieved, 2, 123
1, 1457671054.0, 125, 0, recieved, 2, 124
1, 1457671054.33, 126, 0, sent, 1
1, 1457671054.66, 127, 0, internal
1, 1457671055.0, 128, 0, internal
1, 1457671055.33, 129, 0, internal
1, 1457671055.66, 134, 0, recieved, 2, 133
1, 1457671056.0, 135, 1, recieved, 0, 130
1, 1457671056.33, 136, 0, recieved, 2, 135
1, 1457671056.66, 137, 0, internal
1, 1457671057.0, 139, 0, recieved, 0, 138
1, 1457671057.33, 140, 0, sent, 3
1, 1457671057.66, 141, 0, internal
1, 1457671058.0, 142, 0, internal
1, 1457671058.33, 143, 0, sent, 2
1, 1457671058.66, 144, 0, sent, 3
1, 1457671059.0, 151, 0, recieved, 2, 150
1, 1457671059.33, 152, 0, recieved, 2, 151
1, 1457671059.66, 153, 0, internal
1, 1457671060.0, 154, 0, internal
1, 1457671060.33, 155, 0, internal
1, 1457671060.66, 156, 0, internal
1, 1457671061.0, 157, 0, recieved, 0, 155
1, 1457671061.33, 158, 0, internal
1, 1457671061.66, 159, 0, sent, 1
1, 1457671062.0, 160, 0, internal
1, 1457671062.33, 167, 0, recieved, 2, 166
1, 1457671062.66, 168, 0, sent, 1
1, 1457671063.0, 170, 0, recieved, 2, 169
1, 1457671063.33, 171, 0, internal
1, 1457671063.66, 172, 0, internal
1, 1457671064.0, 175, 0, recieved, 2, 174
1, 1457671064.33, 177, 0, recieved, 2, 176
1, 1457671064.66, 179, 0, recieved, 2, 178
1, 1457671065.0, 180, 0, internal
1, 1457671065.33, 181, 0, sent, 2
1, 1457671065.66, 182, 0, internal
1, 1457671066.0, 183, 0, internal
1, 1457671066.33, 186, 0, recieved, 0, 185
1, 1457671066.66, 189, 0, recieved, 2, 188
1, 1457671067.0, 190, 0, internal
1, 1457671067.33, 191, 0, internal
1, 1457671067.66, 192, 0, sent, 1
1, 1457671068.0, 196, 0, recieved, 2, 195
1, 1457671068.33, 197, 0, internal
1, 1457671068.66, 198, 0, internal
1, 1457671069.0, 199, 0, internal
1, 1457671069.33, 200, 0, internal
1, 1457671069.66, 201, 0, internal
1, 1457671070.0, 202, 0, internal
1, 1457671070.33, 203, 0, internal
1, 1457671070.66, 209, 0, recieved, 2, 208
1, 1457671071.0, 210, 0, internal
1, 1457671071.33, 211, 0, recieved, 0, 210
1, 1457671071.66, 212, 0, internal
1, 1457671072.0, 215, 0, recieved, 2, 214
1, 1457671072.33, 216, 0, sent, 3
1, 1457671072.66, 217, 0, sent, 2
1, 1457671073.0, 221, 0, recieved, 2, 220
1, 1457671073.33, 222, 0, recieved, 2, 221
1, 1457671073.66, 223, 0, internal
1, 1457671074.0, 224, 0, internal
1, 1457671074.33, 225, 0, internal
1, 1457671074.66, 229, 0, recieved, 2, 228
1, 1457671075.0, 230, 0, recieved, 2, 229
1, 1457671075.33, 232, 0, recieved, 2, 231
1, 1457671075.66, 233, 0, internal
1, 1457671076.0, 235, 1, recieved, 2, 234
1, 1457671076.33, 236, 0, recieved, 2, 235
1, 1457671076.66, 238, 0, recieved, 2, 237
1, 1457671077.0, 239, 0, internal
1, 1457671077.33, 240, 0, internal
1, 1457671077.66, 241, 0, internal
1, 1457671078.0, 245, 0, recieved, 2, 244
1, 1457671078.33, 247, 0, recieved, 0, 246
1, 1457671078.66, 248, 0, sent, 2
1, 1457671079.0, 249, 0, sent, 2
1, 1457671079.33, 250, 0, internal
1, 1457671079.66, 251, 0, internal
1, 1457671080.0, 252, 0, sent, 1
1, 1457671080.33, 253, 0, sent, 2
1, 1457671080.66, 254, 0, internal
1, 1457671081.0, 260, 0, recieved, 2, 259
1, 1457671081.33, 261, 0, internal
1, 1457671081.66, 262, 0, internal
1, 1457671082.0, 263, 0, internal
1, 1457671082.33, 264, 0, internal
1, 1457671082.66, 268, 0, recieved, 2, 267
1, 1457671083.0, 269, 0, internal
1, 1457671083.33, 270, 0, internal
1, 1457671083.66, 271, 0, sent, 3
1, 1457671084.0, 272, 0, internal
1, 1457671084.33, 273, 0, internal
1, 1457671084.66, 274, 0, internal
1, 1457671085.0, 275, 0, sent, 2
1, 1457671085.33, 280, 0, recieved, 0, 279
1, 1457671085.66, 283, 0, recieved, 2, 282
1, 1457671086.0, 286, 0, recieved, 2, 285
1, 1457671086.33, 287, 0, recieved, 2, 286
1, 1457671086.66, 288, 0, internal
1, 1457671087.0, 289, 0, sent, 2
1, 1457671087.33, 291, 0, recieved, 0, 290
1, 1457671087.66, 292, 0, internal
1, 1457671088.0, 295, 1, recieved, 2, 294
1, 1457671088.33, 296, 0, recieved, 2, 295
1, 1457671088.66, 297, 0, sent, 1
1, 1457671089.0, 300, 0, recieved, 2, 299
2, 1457671029.33, 2, 0, internal
2, 1457671029.53, 3, 0, sent, 1
2, 1457671029.73, 4, 0, internal
2, 1457671029.93, 5, 0, sent, 3
2, 1457671030.13, 6, 0, internal
2, 1457671030.33, 7, 0, sent, 3
2, 1457671030.53, 8, 0, internal
2, 1457671030.73, 9, 0, internal
2, 1457671030.93, 10, 0, internal
2, 1457671031.13, 11, 0, internal
2, 1457671031.33, 12, 0, recieved, 1, 10
2, 1457671031.53, 13, 0, sent, 1
2, 1457671031.73, 14, 0, sent, 1
2, 1457671031.93, 15, 0, internal
2, 1457671032.13, 16, 0, sent, 1
2, 1457671032.33, 17, 0, sent, 3
2, 1457671032.53, 18, 0, sent, 2
2, 1457671032.73, 19, 0, internal
2, 1457671032.93, 20, 0, internal
2, 1457671033.13, 21, 0, internal
2, 1457671033.33, 22, 0, sent, 1
2, 1457671033.53, 23, 0, internal
2, 1457671033.73, 24, 0, recieved, 1, 21
2, 1457671033.93, 25, 0, internal
2, 1457671034.13, 26, 0, internal
2, 1457671034.33, 27, 0, internal
2, 1457671034.53, 28, 0, sent, 2
2, 1457671034.73, 29, 0, internal
2, 1457671034.93, 30, 0, internal
2, 1457671035.13, 31, 0, internal
2, 1457671035.33, 32, 0, internal
2, 1457671035.53, 33, 0, sent, 2
2, 1457671035.73, 34, 0, internal
2, 1457671035.93, 35, 0, sent, 1
2, 1457671036.13, 36, 0, recieved, 1, 35
2, 1457671036.33, 37, 0, internal
2, 1457671036.53, 38, 0, internal
2, 1457671036.73, 39, 0, sent, 3
2, 1457671036.93, 40, 0, sent, 3
2, 1457671037.13, 41, 0, internal
2, 1457671037.33, 42, 0, internal
2, 1457671037.53, 43, 0, internal
2, 1457671037.73, 44, 0, internal
2, 1457671037.93, 45, 0, internal
2, 1457671038.13, 46, 0, internal
2, 1457671038.33, 47, 0, internal
2, 1457671038.53, 48, 0, internal
2, 1457671038.73, 49, 0, internal
2, 1457671038.93, 50, 0, sent, 2
2, 1457671039.13, 51, 0, sent, 1
2, 1457671039.33, 52, 0, internal
2, 1457671039.53, 53, 0, sent, 1
2, 1457671039.73, 54, 0, recieved, 1, 53
2, 1457671039.93, 55, 0, internal
2, 1457671040.13, 56, 0, internal
2, 1457671040.33, 57, 0, internal
2, 1457671040.53, 58, 0, internal
2, 1457671040.73, 59, 0, sent, 1
2, 1457671040.93, 60, 0, internal
2, 1457671041.13, 61, 0, internal
2, 1457671041.33, 62, 0, internal
2, 1457671041.53, 63, 0, internal
2, 1457671041.73, 64, 0, recieved, 1, 59
2, 1457671041.93, 65, 0, sent, 1
2, 1457671042.13, 66, 0, sent, 3
2, 1457671042.33, 67, 0, internal
2, 1457671042.53, 68, 0, internal
2, 1457671042.73, 69, 0, sent, 2
2, 1457671042.93, 70, 0, internal
2, 1457671043.13, 71, 0, sent, 3
2, 1457671043.33, 72, 0, internal
2, 1457671043.53, 73, 0, sent, 2
2, 1457671043.73, 74, 0, internal
2, 1457671043.93, 75, 0, sent, 2
2, 1457671044.13, 76, 0, internal
2, 1457671044.33, 77, 0, recieved, 0, 74
2, 1457671044.53, 78, 0, internal
2, 1457671044.73, 79, 0, internal
2, 1457671044.93, 80, 0, internal
2, 1457671045.13, 81, 0, sent, 1
2, 1457671045.33, 82, 0, internal
2, 1457671045.53, 83, 0, internal
2, 1457671045.73, 84, 0, sent, 3
2, 1457671045.93, 85, 0, internal
2, 1457671046.13, 86, 0, sent, 2
2, 1457671046.33, 87, 0, internal
2, 1457671046.53, 88, 0, internal
2, 1457671046.73, 89, 0, sent, 1
2, 1457671046.93, 90, 0, internal
2, 1457671047.13, 91, 0, internal
2, 1457671047.33, 92, 0, internal
2, 1457671047.53, 93, 0, internal
2, 1457671047.73, 94, 0, internal
2, 1457671047.93, 95, 0, internal
2, 1457671048.13, 96, 0, recieved, 1, 92
2, 1457671048.33, 97, 0, sent, 1
2, 1457671048.53, 98, 0, sent, 3
2, 1457671048.73, 99, 0, internal
2, 1457671048.93, 100, 0, internal
2, 1457671049.13, 101, 0, internal
2, 1457671049.33, 102, 0, recieved, 1, 101
2, 1457671049.53, 103, 0, internal
2, 1457671049.73, 104, 0, recieved, 1, 102
2, 1457671049.93, 105, 0, internal
2, 1457671050.13, 106, 0, internal
2, 1457671050.33, 107, 0, internal
2, 1457671050.53, 108, 0, internal
2, 1457671050.73, 109, 0, sent, 3
2, 1457671050.93, 110, 0, internal
2, 1457671051.13, 111, 0, internal
2, 1457671051.33, 112, 0, internal
2, 1457671051.53, 113, 0, internal
2, 1457671051.73, 114, 0, internal
2, 1457671051.93, 115, 0, sent, 3
2, 1457671052.13, 116, 0, internal
2, 1457671052.33, 117, 0, internal
2, 1457671052.53, 118, 0, sent, 2
2, 1457671052.73, 119, 0, sent, 2
2, 1457671052.93, 120, 0, internal
2, 1457671053.13, 121, 0, internal
2, 1457671053.33, 122, 0, internal
2, 1457671053.53, 123, 0, sent, 3
2, 1457671053.73, 124, 0, sent, 3
2, 1457671053.93, 125, 0, internal
2, 1457671054.13, 126, 0, internal
2, 1457671054.33, 127, 0, internal
2, 1457671054.53, 128, 0, sent, 1
2, 1457671054.73, 129, 0, internal
2, 1457671054.93, 130, 0, internal
2, 1457671055.13, 131, 0, internal
2, 1457671055.33, 132, 0, internal
2, 1457671055.53, 133, 0, sent, 2
2, 1457671055.73, 134, 0, internal
2, 1457671055.93, 135, 0, sent, 2
2, 1457671056.13, 136, 0, sent, 1
2, 1457671056.33, 137, 0, internal
2, 1457671056.53, 138, 0, internal
2, 1457671056.73, 139, 0, internal
2, 1457671056.93, 140, 0, recieved, 0, 138
2, 1457671057.13, 141, 0, internal
2, 1457671057.33, 142, 0, recieved, 1, 140
2, 1457671057.53, 143, 0, internal
2, 1457671057.73, 144, 0, internal
2, 1457671057.93, 145, 0, internal
2, 1457671058.13, 146, 0, sent, 1
2, 1457671058.33, 147, 0, recieved, 1, 143
2, 1457671058.53, 148, 0, internal
2, 1457671058.73, 149, 0, recieved, 1, 144
2, 1457671058.93, 150, 0, sent, 2
2, 1457671059.13, 151, 0, sent, 3
2, 1457671059.33, 152, 0, internal
2, 1457671059.53, 153, 0, internal
2, 1457671059.73, 154, 0, internal
2, 1457671059.93, 155, 0, internal
2, 1457671060.13, 156, 0, internal
2, 1457671060.33, 157, 0, internal
2, 1457671060.53, 158, 0, internal
2, 1457671060.73, 159, 0, internal
2, 1457671060.93, 160, 0, internal
2, 1457671061.13, 161, 0, sent, 1
2, 1457671061.33, 162, 0, internal
2, 1457671061.53, 163, 0, internal
2, 1457671061.73, 164, 0, internal
2, 1457671061.93, 165, 0, internal
2, 1457671062.13, 166, 0, sent, 3
2, 1457671062.33, 167, 0, internal
2, 1457671062.53, 168, 0, internal
2, 1457671062.73, 169, 0, sent, 3
2, 1457671062.93, 170, 0, internal
2, 1457671063.13, 171, 0, internal
2, 1457671063.33, 172, 0, internal
2, 1457671063.53, 173, 0, internal
2, 1457671063.73, 174, 0, sent, 2
2, 1457671063.93, 175, 0, recieved, 0, 171
2, 1457671064.13, 176, 0, sent, 2
2, 1457671064.33, 177, 0, internal
2, 1457671064.53, 178, 0, sent, 2
2, 1457671064.73, 179, 0, internal
2, 1457671064.93, 180, 0, internal
2, 1457671065.13, 181, 0, internal
2, 1457671065.33, 182, 0, recieved, 1, 181
2, 1457671065.53, 183, 0, sent, 1
2, 1457671065.73, 184, 0, internal
2, 1457671065.93, 185, 0, internal
2, 1457671066.13, 186, 0, internal
2, 1457671066.33, 187, 0, recieved, 0, 185
2, 1457671066.53, 188, 0, sent, 3
2, 1457671066.73, 189, 0, internal
2, 1457671066.93, 190, 0, internal
2, 1457671067.13, 191, 0, internal
2, 1457671067.33, 192, 0, internal
2, 1457671067.53, 193, 0, internal
2, 1457671067.73, 194, 0, internal
2, 1457671067.93, 195, 0, sent, 2
2, 1457671068.13, 196, 0, internal
2, 1457671068.33, 197, 0, internal
2, 1457671068.53, 198, 0, internal
2, 1457671068.73, 199, 0, internal
2, 1457671068.93, 200, 0, internal
2, 1457671069.13, 201, 0, internal
2, 1457671069.33, 202, 0, internal
2, 1457671069.53, 203, 0, internal
2, 1457671069.73, 204, 0, internal
2, 1457671069.93, 205, 0, internal
2, 1457671070.13, 206, 0, internal
2, 1457671070.33, 207, 0, internal
2, 1457671070.53, 208, 0, sent, 3
2, 1457671070.73, 209, 0, internal
2, 1457671070.93, 210, 0, internal
2, 1457671071.13, 211, 0, internal
2, 1457671071.33, 212, 0, recieved, 0, 210
2, 1457671071.53, 213, 0, internal
2, 1457671071.73, 214, 0, sent, 2
2, 1457671071.93, 215, 0, recieved, 0, 211
2, 1457671072.13, 216, 0, internal
2, 1457671072.33, 217, 0, recieved, 1, 216
2, 1457671072.53, 218, 0, internal
2, 1457671072.73, 219, 0, recieved, 1, 217
2, 1457671072.93, 220, 0, sent, 2
2, 1457671073.13, 221, 0, sent, 3
2, 1457671073.33, 222, 0, internal
2, 1457671073.53, 223, 0, internal
2, 1457671073.73, 224, 0, internal
2, 1457671073.93, 225, 0, internal
2, 1457671074.13, 226, 0, internal
2, 1457671074.33, 227, 0, internal
2, 1457671074.53, 228, 0, sent, 3
2, 1457671074.73, 229, 0, sent, 2
2, 1457671074.93, 230, 0, internal
2, 1457671075.13, 231, 0, sent, 3
2, 1457671075.33, 232, 0, sent, 1
2, 1457671075.53, 233, 0, internal
2, 1457671075.73, 234, 0, sent, 3
2, 1457671075.93, 235, 0, sent, 3
2, 1457671076.13, 236, 0, internal
2, 1457671076.33, 237, 0, sent, 3
2, 1457671076.53, 238, 0, internal
2, 1457671076.73, 239, 0, internal
2, 1457671076.93, 240, 0, internal
2, 1457671077.13, 241, 0, internal
2, 1457671077.33, 242, 0, internal
2, 1457671077.53, 243, 0, internal
2, 1457671077.73, 244, 0, sent, 3
2, 1457671077.93, 245, 0, internal
2, 1457671078.13, 246, 0, internal
2, 1457671078.33, 247, 0, internal
2, 1457671078.53, 248, 0, internal
2, 1457671078.73, 249, 0, recieved, 1, 248
2, 1457671078.93, 250, 0, internal
2, 1457671079.13, 251, 0, recieved, 1, 249
2, 1457671079.33, 252, 0, internal
2, 1457671079.53, 253, 0, internal
2, 1457671079.73, 254, 0, internal
2, 1457671079.93, 255, 0, internal
2, 1457671080.13, 256, 0, internal
2, 1457671080.33, 257, 0, recieved, 1, 253
2, 1457671080.53, 258, 0, internal
2, 1457671080.73, 259, 0, sent, 2
2, 1457671080.93, 260, 0, internal
2, 1457671081.13, 261, 0, internal
2, 1457671081.33, 262, 0, recieved, 0, 255
2, 1457671081.53, 263, 0, internal
2, 1457671081.73, 264, 0, internal
2, 1457671081.93, 265, 0, internal
2, 1457671082.13, 266, 0, internal
2, 1457671082.33, 267, 0, sent, 3
2, 1457671082.53, 268, 0, internal
2, 1457671082.73, 269, 0, internal
2, 1457671082.93, 270, 0, sent, 1
2, 1457671083.13, 271, 0, internal
2, 1457671083.33, 272, 0, internal
2, 1457671083.53, 273, 0, internal
2, 1457671083.73, 274, 0, recieved, 1, 271
2, 1457671083.93, 275, 0, internal
2, 1457671084.13, 276, 0, internal
2, 1457671084.33, 277, 0, sent, 1
2, 1457671084.53, 278, 0, internal
2, 1457671084.73, 279, 0, internal
2, 1457671084.93, 280, 0, internal
2, 1457671085.13, 281, 0, recieved, 1, 275
2, 1457671085.33, 282, 0, sent, 3
2, 1457671085.53, 283, 0, internal
2, 1457671085.73, 284, 0, internal
2, 1457671085.93, 285, 0, sent, 2
2, 1457671086.13, 286, 0, sent, 2
2, 1457671086.33, 287, 0, internal
2, 1457671086.53, 288, 0, sent, 1
2, 1457671086.73, 289, 0, internal
2, 1457671086.93, 290, 0, internal
2, 1457671087.13, 291, 0, recieved, 1, 289
2, 1457671087.33, 292, 0, recieved, 0, 290
2, 1457671087.53, 293, 0, internal
2, 1457671087.73, 294, 0, sent, 3
2, 1457671087.93, 295, 0, sent, 3
2, 1457671088.13, 296, 0, internal
2, 1457671088.33, 297, 0, internal
2, 1457671088.53, 298, 0, internal
2, 1457671088.73, 299, 0, sent, 2
2, 1457671088.93, 300, 0, sent, 1
2, 1457671089.13, 301, 0, sent, 1
