0, 1457671511.84, 2, 0, internal
0, 1457671512.34, 3, 0, internal
0, 1457671512.84, 4, 0, internal
0, 1457671513.34, 5, 0, internal
0, 1457671513.84, 8, 0, recieved, 2, 7
0, 1457671514.34, 9, 0, internal
0, 1457671514.84, 10, 0, internal
0, 1457671515.34, 11, 0, internal
0, 1457671515.84, 12, 0, internal
0, 1457671516.34, 13, 0, sent, 2
0, 1457671516.84, 14, 0, sent, 3
0, 1457671517.34, 15, 0, internal
0, 1457671517.84, 16, 0, internal
0, 1457671518.34, 22, 0, recieved, 1, 21
0, 1457671518.84, 23, 0, internal
0, 1457671519.34, 24, 0, recieved, 2, 23
0, 1457671519.84, 25, 0, internal
0, 1457671520.34, 26, 0, internal
0, 1457671520.84, 27, 0, internal
0, 1457671521.34, 28, 0, internal
0, 1457671521.84, 32, 0, recieved, 2, 31
0, 1457671522.34, 33, 0, recieved, 2, 32
0, 1457671522.84, 35, 0, recieved, 1, 34
0, 1457671523.34, 36, 0, internal
0, 1457671523.84, 37, 0, internal
0, 1457671524.34, 38, 0, internal
0, 1457671524.84, 39, 0, internal
0, 1457671525.34, 42, 0, recieved, 1, 41
0, 1457671525.84, 45, 0, recieved, 1, 44
0, 1457671526.34, 46, 0, internal
0, 1457671526.84, 48, 0, recieved, 1, 47
0, 1457671527.34, 49, 0, internal
0, 1457671527.84, 50, 0, internal
0, 1457671528.34, 51, 0, internal
0, 1457671528.84, 52, 0, internal
0, 1457671529.34, 53, 0, sent, 3
0, 1457671529.84, 54, 0, internal
0, 1457671530.34, 59, 0, recieved, 2, 58
0, 1457671530.84, 61, 0, recieved, 1, 60
0, 1457671531.34, 62, 0, sent, 2
0, 1457671531.84, 63, 0, internal
0, 1457671532.34, 64, 0, internal
0, 1457671532.84, 65, 0, internal
0, 1457671533.34, 66, 0, internal
0, 1457671533.84, 67, 0, internal
0, 1457671534.34, 71, 0, recieved, 1, 70
0, 1457671534.84, 74, 0, recieved, 2, 73
0, 1457671535.34, 75, 0, recieved, 1, 73
0, 1457671535.84, 76, 0, internal
0, 1457671536.34, 77, 0, internal
0, 1457671536.84, 78, 0, internal
0, 1457671537.34, 79, 0, sent, 1
0, 1457671537.84, 80, 0, internal
0, 1457671538.34, 81, 0, sent, 1
0, 1457671538.84, 82, 0, internal
0, 1457671539.34, 83, 0, internal
0, 1457671539.84, 84, 0, internal
0, 1457671540.34, 89, 0, recieved, 1, 88
0, 1457671540.84, 90, 0, internal
0, 1457671541.34, 91, 0, internal
0, 1457671541.84, 92, 0, internal
0, 1457671542.34, 93, 0, sent, 1
0, 1457671542.84, 94, 0, internal
0, 1457671543.34, 95, 0, sent, 3
0, 1457671543.84, 96, 0, sent, 3
0, 1457671544.34, 97, 0, internal
0, 1457671544.84, 98, 0, internal
0, 1457671545.34, 105, 1, recieved, 1, 104
0, 1457671545.84, 106, 0, recieved, 2, 105
0, 1457671546.34, 110, 0, recieved, 1, 109
0, 1457671546.84, 111, 0, recieved, 1, 110
0, 1457671547.34, 112, 0, recieved, 1, 111
0, 1457671547.84, 113, 0, internal
0, 1457671548.34, 115, 0, recieved, 1, 114
0, 1457671548.84, 118, 0, recieved, 2, 117
0, 1457671549.34, 119, 0, internal
0, 1457671549.84, 121, 0, recieved, 1, 120
0, 1457671550.34, 122, 0, internal
0, 1457671550.84, 123, 0, internal
0, 1457671551.34, 124, 0, internal
0, 1457671551.84, 125, 0, internal
0, 1457671552.34, 126, 0, internal
0, 1457671552.84, 131, 0, recieved, 2, 130
0, 1457671553.34, 132, 0, recieved, 2, 131
0, 1457671553.84, 134, 0, recieved, 1, 133
0, 1457671554.34, 135, 0, internal
0, 1457671554.84, 136, 0, internal
0, 1457671555.34, 137, 0, internal
0, 1457671555.84, 138, 0, internal
0, 1457671556.34, 139, 0, sent, 2
0, 1457671556.84, 140, 0, internal
0, 1457671557.34, 141, 0, internal
0, 1457671557.84, 142, 0, sent, 2
0, 1457671558.34, 143, 0, internal
0, 1457671558.84, 150, 0, recieved, 1, 149
0, 1457671559.34, 151, 0, sent, 1
0, 1457671559.84, 152, 0, internal
0, 1457671560.34, 153, 0, internal
0, 1457671560.84, 154, 0, internal
0, 1457671561.34, 155, 0, internal
0, 1457671561.84, 156, 0, sent, 2
0, 1457671562.34, 157, 0, internal
0, 1457671562.84, 162, 0, recieved, 1, 161
0, 1457671563.34, 165, 0, recieved, 2, 164
0, 1457671563.84, 166, 0, internal
0, 1457671564.34, 167, 0, internal
0, 1457671564.84, 169, 0, recieved, 2, 168
0, 1457671565.34, 170, 0, recieved, 2, 169
0, 1457671565.84, 171, 0, internal
0, 1457671566.34, 174, 0, recieved, 1, 173
0, 1457671566.84, 175, 0, internal
0, 1457671567.34, 176, 0, sent, 3
0, 1457671567.84, 177, 0, sent, 1
0, 1457671568.34, 178, 0, internal
0, 1457671568.84, 179, 0, internal
0, 1457671569.34, 182, 0, recieved, 1, 181
0, 1457671569.84, 183, 0, sent, 2
0, 1457671570.34, 185, 0, recieved, 1, 184
0, 1457671570.84, 186, 0, internal
0, 1457671571.34, 187, 0, sent, 2
1, 1457671511.85, 2, 0, internal
1, 1457671512.19, 3, 0, internal
1, 1457671512.51, 4, 0, internal
1, 1457671512.85, 5, 0, internal
1, 1457671513.18, 6, 0, internal
1, 1457671513.52, 7, 0, internal
1, 1457671513.85, 8, 0, recieved, 2, 7
1, 1457671514.18, 9, 0, internal
1, 1457671514.52, 10, 0, internal
1, 1457671514.85, 11, 0, internal
1, 1457671515.18, 12, 0, internal
1, 1457671515.52, 13, 0, internal
1, 1457671515.85, 14, 0, internal
1, 1457671516.18, 15, 0, internal
1, 1457671516.52, 16, 0, internal
1, 1457671516.85, 17, 0, recieved, 0, 14
1, 1457671517.18, 18, 0, internal
1, 1457671517.52, 19, 0, internal
1, 1457671517.85, 20, 0, internal
1, 1457671518.18, 21, 0, sent, 1
1, 1457671518.51, 22, 0, internal
1, 1457671518.85, 23, 0, internal
1, 1457671519.18, 24, 0, recieved, 2, 23
1, 1457671519.51, 25, 0, internal
1, 1457671519.85, 26, 0, internal
1, 1457671520.18, 27, 0, internal
1, 1457671520.52, 28, 0, internal
1, 1457671520.85, 29, 0, internal
1, 1457671521.18, 30, 0, internal
1, 1457671521.52, 31, 0, internal
1, 1457671521.85, 32, 0, recieved, 2, 31
1, 1457671522.18, 33, 0, recieved, 2, 32
1, 1457671522.52, 34, 0, sent, 3
1, 1457671522.85, 35, 0, internal
1, 1457671523.18, 36, 0, internal
1, 1457671523.52, 37, 0, internal
1, 1457671523.85, 38, 0, sent, 2
1, 1457671524.18, 39, 0, internal
1, 1457671524.51, 40, 0, internal
1, 1457671524.85, 41, 0, sent, 1
1, 1457671525.18, 43, 0, recieved, 2, 42
1, 1457671525.51, 44, 0, sent, 3
1, 1457671525.85, 45, 0, internal
1, 1457671526.18, 46, 0, internal
1, 1457671526.52, 47, 0, sent, 3
1, 1457671526.85, 48, 0, internal
1, 1457671527.18, 49, 0, internal
1, 1457671527.52, 50, 0, internal
1, 1457671527.85, 51, 0, internal
1, 1457671528.18, 52, 0, internal
1, 1457671528.52, 53, 0, internal
1, 1457671528.85, 54, 0, internal
1, 1457671529.18, 55, 0, internal
1, 1457671529.51, 57, 1, recieved, 2, 56
1, 1457671529.85, 58, 0, recieved, 0, 53
1, 1457671530.18, 59, 0, sent, 2
1, 1457671530.52, 60, 0, sent, 3
1, 1457671530.85, 61, 0, internal
1, 1457671531.18, 62, 0, internal
1, 1457671531.51, 63, 0, internal
1, 1457671531.85, 64, 0, internal
1, 1457671532.18, 65, 0, internal
1, 1457671532.52, 66, 0, internal
1, 1457671532.85, 67, 0, internal
1, 1457671533.18, 68, 0, internal
1, 1457671533.52, 69, 0, internal
1, 1457671533.85, 70, 0, sent, 1
1, 1457671534.18, 71, 0, internal
1, 1457671534.51, 72, 0, internal
1, 1457671534.85, 73, 0, sent, 3
1, 1457671535.18, 74, 0, internal
1, 1457671535.52, 75, 0, internal
1, 1457671535.85, 76, 0, sent, 2
1, 1457671536.18, 77, 0, internal
1, 1457671536.51, 78, 0, internal
1, 1457671536.85, 79, 0, sent, 2
1, 1457671537.18, 80, 0, internal
1, 1457671537.52, 81, 0, recieved, 0, 79
1, 1457671537.85, 82, 0, internal
1, 1457671538.18, 83, 0, internal
1, 1457671538.51, 84, 0, recieved, 0, 81
1, 1457671538.85, 85, 0, internal
1, 1457671539.18, 86, 0, sent, 2
1, 1457671539.52, 87, 0, internal
1, 1457671539.85, 88, 0, sent, 1
1, 1457671540.18, 89, 0, sent, 2
1, 1457671540.52, 90, 0, internal
1, 1457671540.85, 91, 0, internal
1, 1457671541.18, 92, 0, internal
1, 1457671541.52, 93, 0, internal
1, 1457671541.85, 94, 0, internal
1, 1457671542.18, 95, 0, internal
1, 1457671542.52, 97, 1, recieved, 2, 96
1, 1457671542.85, 98, 0, recieved, 0, 93
1, 1457671543.18, 99, 0, internal
1, 1457671543.52, 100, 0, recieved, 0, 95
1, 1457671543.85, 101, 0, recieved, 0, 96
1, 1457671544.18, 102, 0, internal
1, 1457671544.52, 103, 0, sent, 2
1, 1457671544.85, 104, 0, sent, 1
1, 1457671545.18, 106, 0, recieved, 2, 105
1, 1457671545.52, 107, 0, internal
1, 1457671545.85, 108, 0, internal
1, 1457671546.18, 109, 0, sent, 3
1, 1457671546.52, 110, 0, sent, 3
1, 1457671546.85, 111, 0, sent, 3
1, 1457671547.18, 112, 0, internal
1, 1457671547.52, 113, 0, internal
1, 1457671547.85, 114, 0, sent, 1
1, 1457671548.18, 115, 0, internal
1, 1457671548.52, 116, 0, internal
1, 1457671548.85, 118, 0, recieved, 2, 117
1, 1457671549.18, 119, 0, sent, 2
1, 1457671549.52, 120, 0, sent, 3
1, 1457671549.85, 121, 0, internal
1, 1457671550.18, 122, 0, internal
1, 1457671550.52, 123, 0, sent, 2
1, 1457671550.85, 124, 0, internal
1, 1457671551.18, 125, 0, internal
1, 1457671551.52, 126, 0, internal
1, 1457671551.85, 127, 0, internal
1, 1457671552.18, 128, 0, internal
1, 1457671552.52, 129, 0, internal
1, 1457671552.85, 131, 0, recieved, 2, 130
1, 1457671553.18, 132, 0, recieved, 2, 131
1, 1457671553.51, 133, 0, sent, 3
1, 1457671553.85, 134, 0, internal
1, 1457671554.18, 135, 0, internal
1, 1457671554.52, 136, 0, internal
1, 1457671554.85, 137, 0, internal
1, 1457671555.18, 138, 0, internal
1, 1457671555.52, 139, 0, sent, 2
1, 1457671555.85, 140, 0, internal
1, 1457671556.18, 142, 0, recieved, 2, 141
1, 1457671556.52, 143, 0, internal
1, 1457671556.85, 144, 0, internal
1, 1457671557.18, 145, 0, sent, 2
1, 1457671557.51, 146, 0, internal
1, 1457671557.85, 147, 0, internal
1, 1457671558.18, 148, 0, internal
1, 1457671558.52, 149, 0, sent, 3
1, 1457671558.85, 150, 0, internal
1, 1457671559.18, 151, 0, internal
1, 1457671559.51, 152, 0, recieved, 0, 151
1, 1457671559.85, 153, 0, internal
1, 1457671560.18, 154, 0, internal
1, 1457671560.52, 155, 0, internal
1, 1457671560.85, 156, 0, internal
1, 1457671561.18, 157, 0, internal
1, 1457671561.52, 158, 0, internal
1, 1457671561.85, 159, 0, internal
1, 1457671562.18, 160, 0, internal
1, 1457671562.51, 161, 0, sent, 3
1, 1457671562.85, 162, 0, internal
1, 1457671563.18, 163, 0, internal
1, 1457671563.51, 165, 0, recieved, 2, 164
1, 1457671563.85, 166, 0, internal
1, 1457671564.18, 167, 0, recieved, 2, 166
1, 1457671564.52, 168, 0, recieved, 2, 167
1, 1457671564.85, 169, 0, recieved, 2, 168
1, 1457671565.18, 170, 0, recieved, 2, 169
1, 1457671565.52, 171, 0, internal
1, 1457671565.85, 172, 0, internal
1, 1457671566.18, 173, 0, sent, 1
1, 1457671566.52, 174, 0, internal
1, 1457671566.85, 175, 0, internal
1, 1457671567.18, 176, 0, internal
1, 1457671567.51, 177, 0, recieved, 0, 176
1, 1457671567.85, 178, 0, recieved, 0, 177
1, 1457671568.18, 179, 0, internal
1, 1457671568.52, 180, 0, internal
1, 1457671568.85, 181, 0, sent, 1
1, 1457671569.18, 182, 0, sent, 2
1, 1457671569.51, 183, 0, internal
1, 1457671569.85, 184, 0, sent, 3
1, 1457671570.18, 185, 0, internal
1, 1457671570.51, 186, 0, internal
1, 1457671570.85, 187, 0, internal
1, 1457671571.18, 188, 0, internal
1, 1457671571.52, 189, 0, sent, 3
2, 1457671511.86, 2, 0, internal
2, 1457671512.19, 3, 0, internal
2, 1457671512.52, 4, 0, internal
2, 1457671512.86, 5, 0, internal
2, 1457671513.19, 6, 0, internal
2, 1457671513.52, 7, 0, sent, 3
2, 1457671513.86, 8, 0, internal
2, 1457671514.19, 9, 0, internal
2, 1457671514.52, 10, 0, internal
2, 1457671514.86, 11, 0, internal
2, 1457671515.19, 12, 0, internal
2, 1457671515.52, 13, 0, internal
2, 1457671515.86, 14, 0, internal
2, 1457671516.19, 15, 0, internal
2, 1457671516.52, 16, 0, recieved, 0, 13
2, 1457671516.86, 17, 0, recieved, 0, 14
2, 1457671517.19, 18, 0, internal
2, 1457671517.52, 19, 0, internal
2, 1457671517.86, 20, 0, internal
2, 1457671518.19, 21, 0, internal
2, 1457671518.52, 22, 0, internal
2, 1457671518.86, 23, 0, sent, 3
2, 1457671519.19, 24, 0, internal
2, 1457671519.52, 25, 0, internal
2, 1457671519.86, 26, 0, internal
2, 1457671520.19, 27, 0, internal
2, 1457671520.52, 28, 0, internal
2, 1457671520.86, 29, 0, internal
2, 1457671521.19, 30, 0, internal
2, 1457671521.52, 31, 0, sent, 3
2, 1457671521.86, 32, 0, sent, 3
2, 1457671522.19, 33, 0, internal
2, 1457671522.52, 35, 0, recieved, 1, 34
2, 1457671522.86, 36, 0, internal
2, 1457671523.19, 37, 0, internal
2, 1457671523.52, 38, 0, internal
2, 1457671523.86, 39, 0, recieved, 1, 38
2, 1457671524.19, 40, 0, internal
2, 1457671524.52, 41, 0, internal
2, 1457671524.86, 42, 0, sent, 2
2, 1457671525.19, 43, 0, internal
2, 1457671525.52, 45, 0, recieved, 1, 44
2, 1457671525.86, 46, 0, internal
2, 1457671526.19, 47, 0, internal
2, 1457671526.52, 48, 0, recieved, 1, 47
2, 1457671526.86, 49, 0, internal
2, 1457671527.19, 50, 0, internal
2, 1457671527.52, 51, 0, internal
2, 1457671527.86, 52, 0, internal
2, 1457671528.19, 53, 0, internal
2, 1457671528.52, 54, 0, internal
2, 1457671528.86, 55, 0, internal
2, 1457671529.19, 56, 0, sent, 2
2, 1457671529.52, 57, 0, recieved, 0, 53
2, 1457671529.86, 58, 0, sent, 1
2, 1457671530.19, 60, 0, recieved, 1, 59
2, 1457671530.52, 61, 0, recieved, 1, 60
2, 1457671530.86, 62, 0, internal
2, 1457671531.19, 63, 0, internal
2, 1457671531.52, 64, 0, recieved, 0, 62
2, 1457671531.86, 65, 0, internal
2, 1457671532.19, 66, 0, internal
2, 1457671532.52, 67, 0, internal
2, 1457671532.86, 68, 0, internal
2, 1457671533.19, 69, 0, internal
2, 1457671533.52, 70, 0, internal
2, 1457671533.86, 71, 0, internal
2, 1457671534.19, 72, 0, internal
2, 1457671534.52, 73, 0, sent, 1
2, 1457671534.86, 74, 0, recieved, 1, 73
2, 1457671535.19, 75, 0, internal
2, 1457671535.52, 76, 0, internal
2, 1457671535.86, 77, 0, recieved, 1, 76
2, 1457671536.19, 78, 0, internal
2, 1457671536.52, 79, 0, internal
2, 1457671536.86, 80, 0, recieved, 1, 79
2, 1457671537.19, 81, 0, internal
2, 1457671537.52, 82, 0, internal
2, 1457671537.86, 83, 0, internal
2, 1457671538.19, 84, 0, internal
2, 1457671538.52, 85, 0, internal
2, 1457671538.86, 86, 0, internal
2, 1457671539.19, 87, 0, recieved, 1, 86
2, 1457671539.52, 88, 0, internal
2, 1457671539.86, 89, 0, internal
2, 1457671540.19, 90, 0, recieved, 1, 89
2, 1457671540.52, 91, 0, internal
2, 1457671540.86, 92, 0, internal
2, 1457671541.19, 93, 0, internal
2, 1457671541.52, 94, 0, internal
2, 1457671541.86, 95, 0, internal
2, 1457671542.19, 96, 0, sent, 2
2, 1457671542.52, 97, 0, internal
2, 1457671542.86, 98, 0, internal
2, 1457671543.19, 99, 0, internal
2, 1457671543.52, 100, 0, recieved, 0, 95
2, 1457671543.86, 101, 0, recieved, 0, 96
2, 1457671544.19, 102, 0, internal
2, 1457671544.52, 104, 0, recieved, 1, 103
2, 1457671544.86, 105, 0, sent, 3
2, 1457671545.19, 106, 0, internal
2, 1457671545.52, 107, 0, internal
2, 1457671545.86, 108, 0, internal
2, 1457671546.19, 110, 0, recieved, 1, 109
2, 1457671546.52, 111, 0, recieved, 1, 110
2, 1457671546.86, 112, 0, recieved, 1, 111
2, 1457671547.19, 113, 0, internal
2, 1457671547.52, 114, 0, internal
2, 1457671547.86, 115, 0, internal
2, 1457671548.19, 116, 0, internal
2, 1457671548.52, 117, 0, sent, 3
2, 1457671548.86, 118, 0, internal
2, 1457671549.19, 120, 0, recieved, 1, 119
2, 1457671549.52, 121, 0, recieved, 1, 120
2, 1457671549.86, 122, 0, internal
2, 1457671550.19, 123, 0, internal
2, 1457671550.52, 124, 0, recieved, 1, 123
2, 1457671550.86, 125, 0, internal
2, 1457671551.19, 126, 0, internal
2, 1457671551.52, 127, 0, internal
2, 1457671551.86, 128, 0, internal
2, 1457671552.19, 129, 0, internal
2, 1457671552.52, 130, 0, sent, 3
2, 1457671552.86, 131, 0, sent, 3
2, 1457671553.19, 132, 0, internal
2, 1457671553.52, 134, 0, recieved, 1, 133
2, 1457671553.86, 135, 0, internal
2, 1457671554.19, 136, 0, internal
2, 1457671554.52, 137, 0, internal
2, 1457671554.86, 138, 0, internal
2, 1457671555.19, 139, 0, internal
2, 1457671555.52, 140, 0, recieved, 1, 139
2, 1457671555.86, 141, 0, sent, 2
2, 1457671556.19, 142, 0, internal
2, 1457671556.52, 143, 0, recieved, 0, 139
2, 1457671556.86, 144, 0, internal
2, 1457671557.19, 146, 0, recieved, 1, 145
2, 1457671557.52, 147, 0, internal
2, 1457671557.86, 148, 0, recieved, 0, 142
2, 1457671558.19, 149, 0, internal
2, 1457671558.52, 150, 0, recieved, 1, 149
2, 1457671558.86, 151, 0, internal
2, 1457671559.19, 152, 0, internal
2, 1457671559.52, 153, 0, internal
2, 1457671559.86, 154, 0, internal
2, 1457671560.19, 155, 0, internal
2, 1457671560.52, 156, 0, internal
2, 1457671560.86, 157, 0, internal
2, 1457671561.19, 158, 0, internal
2, 1457671561.52, 159, 0, internal
2, 1457671561.86, 160, 0, recieved, 0, 156
2, 1457671562.19, 161, 0, internal
2, 1457671562.52, 162, 0, recieved, 1, 161
2, 1457671562.86, 163, 0, internal
2, 1457671563.19, 164, 0, sent, 3
2, 1457671563.52, 165, 0, internal
2, 1457671563.86, 166, 0, sent, 2
2, 1457671564.19, 167, 0, sent, 2
2, 1457671564.52, 168, 0, sent, 3
2, 1457671564.86, 169, 0, sent, 3
2, 1457671565.19, 170, 0, internal
2, 1457671565.52, 171, 0, internal
2, 1457671565.86, 172, 0, internal
2, 1457671566.19, 173, 0, internal
2, 1457671566.52, 174, 0, internal
2, 1457671566.86, 175, 0, internal
2, 1457671567.19, 176, 0, internal
2, 1457671567.52, 177, 0, recieved, 0, 176
2, 1457671567.86, 178, 0, internal
2, 1457671568.19, 179, 0, internal
2, 1457671568.52, 180, 0, internal
2, 1457671568.86, 181, 0, internal
2, 1457671569.19, 183, 0, recieved, 1, 182
2, 1457671569.52, 184, 0, internal
2, 1457671569.86, 185, 1, recieved, 0, 183
2, 1457671570.19, 186, 0, recieved, 1, 184
2, 1457671570.52, 187, 0, internal
2, 1457671570.86, 188, 0, internal
2, 1457671571.19, 189, 0, internal
2, 1457671571.52, 190, 1, recieved, 0, 187
