0, 1457670968.99, 2, 0, sent, 3
0, 1457670969.18, 3, 0, internal
0, 1457670969.38, 4, 0, internal
0, 1457670969.58, 5, 0, sent, 3
0, 1457670969.78, 6, 0, internal
0, 1457670969.98, 7, 0, internal
0, 1457670970.18, 8, 0, sent, 1
0, 1457670970.38, 9, 0, internal
0, 1457670970.58, 10, 0, internal
0, 1457670970.78, 11, 0, internal
0, 1457670970.98, 12, 0, internal
0, 1457670971.18, 13, 0, recieved, 1, 11
0, 1457670971.38, 14, 0, recieved, 2, 12
0, 1457670971.58, 15, 0, recieved, 2, 13
0, 1457670971.78, 16, 0, recieved, 2, 14
0, 1457670971.98, 17, 0, sent, 2
0, 1457670972.18, 18, 0, internal
0, 1457670972.38, 19, 0, sent, 2
0, 1457670972.58, 20, 0, internal
0, 1457670972.78, 21, 0, internal
0, 1457670972.98, 22, 0, internal
0, 1457670973.18, 23, 0, recieved, 1, 18
0, 1457670973.38, 24, 0, internal
0, 1457670973.58, 25, 0, recieved, 2, 24
0, 1457670973.78, 26, 0, sent, 3
0, 1457670973.98, 27, 0, sent, 2
0, 1457670974.18, 28, 0, internal
0, 1457670974.38, 29, 0, internal
0, 1457670974.58, 30, 0, sent, 2
0, 1457670974.78, 31, 0, recieved, 1, 28
0, 1457670974.98, 32, 0, sent, 1
0, 1457670975.18, 33, 0, internal
0, 1457670975.39, 35, 0, recieved, 1, 34
0, 1457670975.58, 36, 0, internal
0, 1457670975.78, 37, 0, internal
0, 1457670975.98, 38, 0, sent, 1
0, 1457670976.18, 39, 0, internal
0, 1457670976.38, 40, 0, sent, 3
0, 1457670976.58, 41, 0, internal
0, 1457670976.78, 42, 0, internal
0, 1457670976.98, 43, 0, sent, 2
0, 1457670977.18, 44, 0, recieved, 1, 42
0, 1457670977.38, 45, 0, internal
0, 1457670977.58, 47, 0, recieved, 2, 46
0, 1457670977.78, 48, 0, internal
0, 1457670977.98, 49, 0, internal
0, 1457670978.18, 50, 0, internal
0, 1457670978.38, 51, 0, sent, 1
0, 1457670978.58, 52, 0, internal
0, 1457670978.78, 53, 0, internal
0, 1457670978.98, 54, 0, internal
0, 1457670979.18, 55, 0, recieved, 2, 52
0, 1457670979.38, 56, 0, recieved, 2, 53
0, 1457670979.58, 57, 0, internal
0, 1457670979.78, 58, 0, internal
0, 1457670979.98, 59, 0, internal
0, 1457670980.18, 60, 0, sent, 1
0, 1457670980.38, 61, 0, internal
0, 1457670980.58, 62, 0, sent, 1
0, 1457670980.78, 63, 0, internal
0, 1457670980.98, 64, 0, internal
0, 1457670981.18, 65, 0, sent, 1
0, 1457670981.38, 66, 0, sent, 1
0, 1457670981.58, 67, 0, internal
0, 1457670981.78, 68, 0, internal
0, 1457670981.98, 69, 0, internal
0, 1457670982.18, 70, 0, internal
0, 1457670982.38, 71, 0, internal
0, 1457670982.58, 72, 0, internal
0, 1457670982.78, 73, 0, sent, 2
0, 1457670982.98, 74, 0, sent, 3
0, 1457670983.18, 75, 0, sent, 2
0, 1457670983.38, 76, 0, sent, 1
0, 1457670983.58, 77, 0, internal
0, 1457670983.78, 78, 0, sent, 3
0, 1457670983.98, 79, 0, internal
0, 1457670984.18, 80, 0, internal
0, 1457670984.38, 81, 0, internal
0, 1457670984.58, 82, 0, sent, 3
0, 1457670984.78, 83, 0, sent, 3
0, 1457670984.98, 84, 0, sent, 1
0, 1457670985.18, 85, 0, internal
0, 1457670985.38, 86, 0, internal
0, 1457670985.58, 87, 0, recieved, 2, 86
0, 1457670985.78, 88, 0, internal
0, 1457670985.98, 89, 0, internal
0, 1457670986.18, 90, 0, recieved, 1, 87
0, 1457670986.38, 91, 0, internal
0, 1457670986.58, 92, 0, internal
0, 1457670986.78, 93, 0, recieved, 2, 91
0, 1457670986.98, 94, 0, internal
0, 1457670987.18, 95, 0, recieved, 2, 92
0, 1457670987.38, 96, 0, internal
0, 1457670987.58, 97, 0, sent, 2
0, 1457670987.78, 98, 0, internal
0, 1457670987.98, 99, 0, internal
0, 1457670988.18, 100, 0, internal
0, 1457670988.38, 101, 0, recieved, 2, 100
0, 1457670988.58, 102, 0, internal
0, 1457670988.78, 103, 0, recieved, 2, 102
0, 1457670988.98, 104, 0, sent, 1
0, 1457670989.18, 105, 0, internal
0, 1457670989.38, 106, 0, sent, 3
0, 1457670989.58, 107, 0, sent, 2
0, 1457670989.78, 108, 0, internal
0, 1457670989.98, 109, 0, sent, 2
0, 1457670990.18, 110, 0, internal
0, 1457670990.38, 112, 0, recieved, 2, 111
0, 1457670990.58, 113, 0, internal
0, 1457670990.78, 114, 0, internal
0, 1457670990.98, 115, 0, internal
0, 1457670991.18, 116, 0, internal
0, 1457670991.38, 117, 0, internal
0, 1457670991.58, 118, 0, internal
0, 1457670991.78, 119, 0, sent, 3
0, 1457670991.98, 120, 0, sent, 2
0, 1457670992.18, 121, 0, sent, 2
0, 1457670992.38, 122, 0, internal
0, 1457670992.58, 123, 0, internal
0, 1457670992.78, 124, 0, internal
0, 1457670992.98, 125, 0, internal
0, 1457670993.18, 126, 0, recieved, 1, 123
0, 1457670993.38, 127, 0, sent, 2
0, 1457670993.58, 128, 0, internal
0, 1457670993.78, 129, 0, internal
0, 1457670993.98, 130, 0, sent, 2
0, 1457670994.18, 131, 0, recieved, 1, 126
0, 1457670994.38, 132, 0, internal
0, 1457670994.58, 133, 0, sent, 2
0, 1457670994.78, 134, 0, internal
0, 1457670994.98, 135, 0, sent, 3
0, 1457670995.18, 136, 0, internal
0, 1457670995.38, 138, 0, recieved, 2, 137
0, 1457670995.58, 139, 0, internal
0, 1457670995.78, 140, 0, internal
0, 1457670995.98, 141, 0, internal
0, 1457670996.18, 142, 0, internal
0, 1457670996.38, 143, 0, sent, 2
0, 1457670996.58, 144, 0, sent, 1
0, 1457670996.78, 145, 0, internal
0, 1457670996.98, 146, 0, internal
0, 1457670997.18, 147, 1, recieved, 1, 146
0, 1457670997.38, 148, 1, recieved, 2, 146
0, 1457670997.58, 149, 0, recieved, 2, 147
0, 1457670997.78, 150, 0, internal
0, 1457670997.98, 151, 0, internal
0, 1457670998.19, 152, 0, sent, 1
0, 1457670998.38, 153, 0, recieved, 2, 151
0, 1457670998.6, 154, 0, internal
0, 1457670998.79, 155, 0, recieved, 2, 153
0, 1457670998.99, 156, 0, internal
0, 1457670999.18, 157, 0, internal
0, 1457670999.38, 158, 0, recieved, 1, 156
0, 1457670999.58, 159, 0, internal
0, 1457670999.78, 160, 0, sent, 2
0, 1457670999.98, 161, 0, sent, 2
0, 1457671000.18, 162, 0, internal
0, 1457671000.38, 163, 0, sent, 2
0, 1457671000.58, 164, 0, internal
0, 1457671000.78, 165, 0, internal
0, 1457671000.98, 166, 0, internal
0, 1457671001.18, 167, 0, internal
0, 1457671001.38, 168, 0, internal
0, 1457671001.59, 169, 0, sent, 1
0, 1457671001.78, 170, 0, internal
0, 1457671001.98, 171, 0, internal
0, 1457671002.18, 172, 1, recieved, 1, 171
0, 1457671002.38, 173, 1, recieved, 2, 170
0, 1457671002.58, 174, 0, recieved, 1, 172
0, 1457671002.78, 175, 0, sent, 1
0, 1457671002.98, 176, 0, internal
0, 1457671003.18, 177, 0, recieved, 2, 175
0, 1457671003.38, 178, 0, sent, 3
0, 1457671003.58, 179, 0, internal
0, 1457671003.78, 180, 0, internal
0, 1457671003.98, 181, 0, internal
0, 1457671004.18, 182, 0, recieved, 1, 180
0, 1457671004.38, 183, 0, sent, 1
0, 1457671004.58, 184, 0, internal
0, 1457671004.78, 185, 0, internal
0, 1457671004.98, 186, 0, internal
0, 1457671005.18, 187, 0, sent, 1
0, 1457671005.38, 188, 0, internal
0, 1457671005.58, 189, 0, internal
0, 1457671005.78, 190, 0, internal
0, 1457671005.98, 191, 0, internal
0, 1457671006.18, 192, 0, internal
0, 1457671006.38, 193, 0, internal
0, 1457671006.58, 194, 0, recieved, 2, 191
0, 1457671006.78, 195, 0, internal
0, 1457671006.98, 196, 0, sent, 2
0, 1457671007.18, 197, 0, sent, 3
0, 1457671007.38, 198, 0, sent, 2
0, 1457671007.58, 199, 0, internal
0, 1457671007.78, 200, 0, internal
0, 1457671007.98, 201, 0, internal
0, 1457671008.18, 202, 0, internal
0, 1457671008.38, 203, 0, internal
0, 1457671008.58, 204, 0, internal
0, 1457671008.78, 205, 0, internal
0, 1457671008.98, 206, 0, sent, 3
0, 1457671009.18, 207, 0, internal
0, 1457671009.38, 208, 0, sent, 2
0, 1457671009.58, 209, 0, internal
0, 1457671009.78, 210, 0, sent, 2
0, 1457671009.98, 211, 0, internal
0, 1457671010.18, 212, 0, internal
0, 1457671010.38, 213, 0, recieved, 2, 212
0, 1457671010.58, 214, 0, sent, 3
0, 1457671010.78, 215, 0, sent, 2
0, 1457671010.98, 216, 0, sent, 3
0, 1457671011.18, 217, 0, internal
0, 1457671011.38, 218, 0, internal
0, 1457671011.58, 219, 0, sent, 3
0, 1457671011.78, 220, 0, sent, 3
0, 1457671011.98, 221, 0, sent, 3
0, 1457671012.18, 222, 0, internal
0, 1457671012.38, 223, 0, internal
0, 1457671012.58, 224, 0, sent, 1
0, 1457671012.78, 225, 0, sent, 1
0, 1457671012.98, 226, 0, internal
0, 1457671013.18, 227, 0, internal
0, 1457671013.38, 228, 0, sent, 3
0, 1457671013.58, 229, 0, internal
0, 1457671013.78, 230, 0, sent, 2
0, 1457671013.98, 231, 0, internal
0, 1457671014.18, 232, 0, internal
0, 1457671014.38, 233, 0, sent, 3
0, 1457671014.58, 234, 0, sent, 3
0, 1457671014.78, 235, 0, sent, 3
0, 1457671014.98, 236, 0, internal
0, 1457671015.18, 237, 0, internal
0, 1457671015.38, 238, 0, sent, 1
0, 1457671015.58, 239, 0, sent, 2
0, 1457671015.78, 240, 0, internal
0, 1457671015.98, 241, 0, internal
0, 1457671016.18, 242, 0, internal
0, 1457671016.38, 243, 0, internal
0, 1457671016.58, 244, 0, internal
0, 1457671016.78, 245, 0, recieved, 1, 242
0, 1457671016.98, 246, 0, internal
0, 1457671017.18, 247, 0, recieved, 2, 245
0, 1457671017.38, 248, 0, sent, 2
0, 1457671017.58, 249, 0, internal
0, 1457671017.78, 250, 0, internal
0, 1457671017.98, 251, 0, sent, 1
0, 1457671018.18, 252, 0, recieved, 2, 251
0, 1457671018.38, 253, 0, internal
0, 1457671018.58, 254, 0, internal
0, 1457671018.78, 255, 0, internal
0, 1457671018.98, 256, 0, internal
0, 1457671019.18, 257, 0, internal
0, 1457671019.38, 258, 0, sent, 2
0, 1457671019.58, 259, 0, internal
0, 1457671019.78, 260, 0, sent, 2
0, 1457671019.98, 261, 0, sent, 2
0, 1457671020.18, 262, 0, sent, 3
0, 1457671020.38, 263, 0, internal
0, 1457671020.58, 264, 0, internal
0, 1457671020.78, 265, 0, internal
0, 1457671020.98, 266, 0, internal
0, 1457671021.18, 267, 0, internal
0, 1457671021.38, 268, 0, recieved, 2, 266
0, 1457671021.58, 269, 0, recieved, 2, 267
0, 1457671021.78, 270, 0, internal
0, 1457671021.98, 271, 0, sent, 1
0, 1457671022.18, 272, 0, recieved, 2, 269
0, 1457671022.38, 273, 0, internal
0, 1457671022.58, 274, 0, internal
0, 1457671022.79, 275, 0, recieved, 2, 272
0, 1457671022.98, 276, 0, internal
0, 1457671023.18, 277, 0, internal
0, 1457671023.38, 278, 0, recieved, 2, 274
0, 1457671023.58, 279, 0, internal
0, 1457671023.78, 280, 0, sent, 1
0, 1457671023.98, 281, 0, sent, 2
0, 1457671024.18, 282, 0, internal
0, 1457671024.38, 283, 0, internal
0, 1457671024.58, 284, 0, internal
0, 1457671024.78, 285, 0, internal
0, 1457671024.98, 286, 0, sent, 1
0, 1457671025.18, 287, 0, sent, 3
0, 1457671025.38, 288, 0, internal
0, 1457671025.58, 289, 0, sent, 3
0, 1457671025.78, 290, 0, internal
0, 1457671025.98, 291, 0, sent, 2
0, 1457671026.18, 292, 0, internal
0, 1457671026.38, 293, 0, internal
0, 1457671026.58, 294, 0, internal
0, 1457671026.78, 296, 0, recieved, 2, 295
0, 1457671026.98, 297, 0, internal
0, 1457671027.18, 298, 0, internal
0, 1457671027.38, 299, 0, sent, 1
0, 1457671027.58, 300, 0, internal
0, 1457671027.78, 301, 0, recieved, 2, 299
0, 1457671027.98, 302, 0, sent, 1
0, 1457671028.18, 303, 0, recieved, 2, 300
0, 1457671028.38, 304, 0, sent, 3
0, 1457671028.58, 305, 0, internal
0, 1457671028.78, 306, 0, internal
1, 1457670968.99, 2, 0, internal
1, 1457670969.32, 3, 0, recieved, 0, 2
1, 1457670969.65, 6, 0, recieved, 0, 5
1, 1457670969.99, 7, 0, internal
1, 1457670970.32, 9, 0, recieved, 0, 8
1, 1457670970.65, 10, 0, internal
1, 1457670970.99, 11, 0, sent, 1
1, 1457670971.32, 12, 0, internal
1, 1457670971.65, 14, 0, recieved, 2, 13
1, 1457670971.99, 15, 0, recieved, 2, 14
1, 1457670972.32, 16, 0, internal
1, 1457670972.65, 17, 0, internal
1, 1457670972.99, 18, 0, sent, 1
1, 1457670973.32, 19, 0, internal
1, 1457670973.65, 20, 0, internal
1, 1457670973.99, 26, 1, recieved, 2, 25
1, 1457670974.32, 27, 0, recieved, 0, 26
1, 1457670974.65, 28, 0, sent, 1
1, 1457670974.99, 33, 0, recieved, 0, 32
1, 1457670975.32, 34, 0, sent, 1
1, 1457670975.65, 35, 0, internal
1, 1457670975.99, 39, 0, recieved, 0, 38
1, 1457670976.32, 40, 0, internal
1, 1457670976.65, 41, 0, recieved, 0, 40
1, 1457670976.99, 42, 0, sent, 3
1, 1457670977.32, 43, 0, internal
1, 1457670977.65, 47, 0, recieved, 2, 46
1, 1457670977.99, 48, 0, internal
1, 1457670978.32, 50, 0, recieved, 2, 49
1, 1457670978.65, 52, 0, recieved, 0, 51
1, 1457670978.99, 53, 0, internal
1, 1457670979.32, 54, 0, recieved, 2, 52
1, 1457670979.65, 55, 0, sent, 2
1, 1457670979.99, 56, 0, internal
1, 1457670980.32, 61, 0, recieved, 0, 60
1, 1457670980.65, 63, 0, recieved, 0, 62
1, 1457670980.99, 64, 0, sent, 2
1, 1457670981.32, 66, 0, recieved, 0, 65
1, 1457670981.65, 67, 0, recieved, 0, 66
1, 1457670981.99, 69, 0, recieved, 2, 68
1, 1457670982.32, 70, 0, internal
1, 1457670982.65, 71, 0, sent, 2
1, 1457670982.99, 75, 0, recieved, 0, 74
1, 1457670983.32, 76, 0, internal
1, 1457670983.65, 77, 0, recieved, 0, 76
1, 1457670983.99, 79, 0, recieved, 0, 78
1, 1457670984.32, 80, 0, internal
1, 1457670984.65, 83, 0, recieved, 0, 82
1, 1457670984.99, 84, 1, recieved, 0, 83
1, 1457670985.32, 85, 0, recieved, 0, 84
1, 1457670985.65, 86, 0, internal
1, 1457670985.99, 87, 0, sent, 1
1, 1457670986.32, 88, 0, internal
1, 1457670986.65, 89, 0, internal
1, 1457670986.99, 92, 0, recieved, 2, 91
1, 1457670987.32, 93, 0, internal
1, 1457670987.65, 94, 0, internal
1, 1457670987.99, 95, 0, internal
1, 1457670988.32, 101, 0, recieved, 2, 100
1, 1457670988.65, 102, 0, internal
1, 1457670988.99, 103, 1, recieved, 2, 102
1, 1457670989.32, 105, 0, recieved, 0, 104
1, 1457670989.65, 107, 0, recieved, 0, 106
1, 1457670989.99, 108, 0, internal
1, 1457670990.32, 112, 0, recieved, 2, 111
1, 1457670990.65, 113, 0, recieved, 2, 112
1, 1457670990.99, 114, 0, internal
1, 1457670991.32, 115, 0, recieved, 2, 114
1, 1457670991.65, 116, 0, internal
1, 1457670991.99, 120, 0, recieved, 0, 119
1, 1457670992.32, 121, 0, internal
1, 1457670992.65, 122, 0, internal
1, 1457670992.99, 123, 0, sent, 3
1, 1457670993.32, 124, 0, sent, 2
1, 1457670993.65, 125, 0, sent, 2
1, 1457670993.99, 126, 0, sent, 3
1, 1457670994.32, 127, 0, internal
1, 1457670994.65, 128, 0, internal
1, 1457670994.99, 136, 0, recieved, 0, 135
1, 1457670995.32, 137, 0, internal
1, 1457670995.65, 138, 0, internal
1, 1457670995.99, 139, 0, internal
1, 1457670996.32, 140, 0, internal
1, 1457670996.65, 145, 0, recieved, 0, 144
1, 1457670996.99, 146, 0, sent, 1
1, 1457670997.32, 147, 0, recieved, 2, 146
1, 1457670997.65, 148, 0, internal
1, 1457670997.99, 149, 0, internal
1, 1457670998.32, 153, 0, recieved, 0, 152
1, 1457670998.65, 154, 0, recieved, 2, 152
1, 1457670998.99, 155, 0, recieved, 2, 153
1, 1457670999.32, 156, 0, sent, 1
1, 1457670999.65, 157, 0, recieved, 2, 156
1, 1457670999.99, 158, 0, internal
1, 1457671000.32, 159, 0, internal
1, 1457671000.65, 160, 0, internal
1, 1457671000.99, 161, 0, internal
1, 1457671001.32, 168, 0, recieved, 2, 167
1, 1457671001.65, 170, 0, recieved, 0, 169
1, 1457671001.99, 171, 0, sent, 1
1, 1457671002.32, 172, 0, sent, 3
1, 1457671002.65, 173, 0, internal
1, 1457671002.99, 176, 0, recieved, 0, 175
1, 1457671003.32, 177, 0, recieved, 2, 175
1, 1457671003.65, 179, 0, recieved, 0, 178
1, 1457671003.99, 180, 0, sent, 3
1, 1457671004.32, 181, 0, sent, 2
1, 1457671004.65, 184, 0, recieved, 0, 183
1, 1457671004.99, 185, 0, internal
1, 1457671005.32, 186, 1, recieved, 2, 185
1, 1457671005.65, 188, 0, recieved, 0, 187
1, 1457671005.99, 189, 0, internal
1, 1457671006.32, 190, 0, internal
1, 1457671006.65, 192, 0, recieved, 2, 191
1, 1457671006.99, 193, 0, recieved, 2, 192
1, 1457671007.32, 198, 0, recieved, 0, 197
1, 1457671007.65, 199, 0, internal
1, 1457671007.99, 200, 0, internal
1, 1457671008.32, 201, 0, internal
1, 1457671008.65, 202, 0, sent, 2
1, 1457671008.99, 207, 0, recieved, 0, 206
1, 1457671009.32, 208, 0, internal
1, 1457671009.65, 209, 0, internal
1, 1457671009.99, 210, 0, internal
1, 1457671010.32, 211, 0, internal
1, 1457671010.65, 215, 0, recieved, 0, 214
1, 1457671010.99, 217, 0, recieved, 0, 216
1, 1457671011.32, 218, 0, internal
1, 1457671011.65, 219, 1, recieved, 2, 218
1, 1457671011.99, 220, 2, recieved, 0, 219
1, 1457671012.32, 221, 1, recieved, 0, 220
1, 1457671012.65, 222, 1, recieved, 0, 221
1, 1457671012.99, 225, 1, recieved, 0, 224
1, 1457671013.32, 226, 0, recieved, 0, 225
1, 1457671013.65, 229, 0, recieved, 0, 228
1, 1457671013.99, 230, 0, internal
1, 1457671014.32, 231, 0, internal
1, 1457671014.65, 234, 1, recieved, 0, 233
1, 1457671014.99, 235, 1, recieved, 0, 234
1, 1457671015.32, 236, 0, recieved, 0, 235
1, 1457671015.65, 239, 0, recieved, 0, 238
1, 1457671015.99, 240, 0, internal
1, 1457671016.32, 241, 0, internal
1, 1457671016.65, 242, 0, sent, 1
1, 1457671016.99, 243, 0, internal
1, 1457671017.32, 247, 0, recieved, 2, 246
1, 1457671017.65, 248, 0, internal
1, 1457671017.99, 252, 0, recieved, 0, 251
1, 1457671018.32, 253, 1, recieved, 2, 251
1, 1457671018.65, 254, 0, recieved, 2, 252
1, 1457671018.99, 255, 0, internal
1, 1457671019.32, 256, 0, internal
1, 1457671019.65, 257, 0, internal
1, 1457671019.99, 258, 0, internal
1, 1457671020.32, 263, 0, recieved, 0, 262
1, 1457671020.65, 264, 0, internal
1, 1457671020.99, 265, 0, internal
1, 1457671021.32, 266, 1, recieved, 2, 265
1, 1457671021.65, 267, 0, recieved, 2, 266
1, 1457671021.99, 272, 0, recieved, 0, 271
1, 1457671022.32, 273, 0, internal
1, 1457671022.65, 274, 0, internal
1, 1457671022.99, 275, 0, recieved, 2, 272
1, 1457671023.32, 276, 0, recieved, 2, 274
1, 1457671023.65, 277, 0, internal
1, 1457671023.99, 281, 0, recieved, 0, 280
1, 1457671024.32, 282, 0, internal
1, 1457671024.65, 283, 0, internal
1, 1457671024.99, 287, 0, recieved, 0, 286
1, 1457671025.32, 288, 0, recieved, 0, 287
1, 1457671025.65, 290, 0, recieved, 0, 289
1, 1457671025.99, 291, 0, internal
1, 1457671026.32, 292, 0, internal
1, 1457671026.65, 293, 0, internal
1, 1457671026.99, 296, 0, recieved, 2, 295
1, 1457671027.32, 297, 0, recieved, 2, 296
1, 1457671027.65, 300, 0, recieved, 0, 299
1, 1457671027.99, 303, 0, recieved, 0, 302
1, 1457671028.32, 304, 0, recieved, 2, 300
1, 1457671028.65, 305, 0, recieved, 0, 304
2, 1457670968.99, 3, 0, recieved, 0, 2
2, 1457670969.24, 4, 0, internal
2, 1457670969.49, 5, 0, internal
2, 1457670969.74, 6, 0, recieved, 0, 5
2, 1457670969.99, 7, 0, internal
2, 1457670970.24, 8, 0, internal
2, 1457670970.49, 9, 0, internal
2, 1457670970.74, 10, 0, internal
2, 1457670970.99, 11, 0, internal
2, 1457670971.24, 12, 0, sent, 1
2, 1457670971.49, 13, 0, sent, 3
2, 1457670971.74, 14, 0, sent, 3
2, 1457670971.99, 18, 0, recieved, 0, 17
2, 1457670972.24, 19, 0, internal
2, 1457670972.49, 20, 0, recieved, 0, 19
2, 1457670972.74, 21, 0, internal
2, 1457670972.99, 22, 0, internal
2, 1457670973.24, 23, 0, internal
2, 1457670973.49, 24, 0, sent, 1
2, 1457670973.74, 25, 0, sent, 2
2, 1457670973.99, 27, 1, recieved, 0, 26
2, 1457670974.24, 28, 0, recieved, 0, 27
2, 1457670974.49, 29, 0, internal
2, 1457670974.74, 31, 0, recieved, 0, 30
2, 1457670974.99, 32, 0, internal
2, 1457670975.24, 33, 0, internal
2, 1457670975.49, 34, 0, internal
2, 1457670975.74, 35, 0, internal
2, 1457670975.99, 36, 0, internal
2, 1457670976.24, 37, 0, internal
2, 1457670976.49, 41, 0, recieved, 0, 40
2, 1457670976.74, 42, 0, internal
2, 1457670976.99, 44, 0, recieved, 0, 43
2, 1457670977.24, 45, 0, recieved, 1, 42
2, 1457670977.49, 46, 0, sent, 3
2, 1457670977.74, 47, 0, internal
2, 1457670977.99, 48, 0, internal
2, 1457670978.24, 49, 0, sent, 2
2, 1457670978.49, 50, 0, internal
2, 1457670978.74, 51, 0, internal
2, 1457670978.99, 52, 0, sent, 3
2, 1457670979.24, 53, 0, sent, 1
2, 1457670979.49, 54, 0, internal
2, 1457670979.74, 56, 0, recieved, 1, 55
2, 1457670979.99, 57, 0, internal
2, 1457670980.24, 58, 0, internal
2, 1457670980.49, 59, 0, internal
2, 1457670980.74, 60, 0, internal
2, 1457670980.99, 65, 0, recieved, 1, 64
2, 1457670981.24, 66, 0, internal
2, 1457670981.49, 67, 0, internal
2, 1457670981.74, 68, 0, sent, 2
2, 1457670981.99, 69, 0, internal
2, 1457670982.24, 70, 0, internal
2, 1457670982.49, 71, 0, internal
2, 1457670982.74, 72, 0, recieved, 1, 71
2, 1457670982.99, 74, 1, recieved, 0, 73
2, 1457670983.24, 75, 1, recieved, 0, 74
2, 1457670983.49, 76, 0, recieved, 0, 75
2, 1457670983.74, 77, 0, internal
2, 1457670983.99, 79, 0, recieved, 0, 78
2, 1457670984.24, 80, 0, internal
2, 1457670984.49, 81, 0, internal
2, 1457670984.74, 83, 0, recieved, 0, 82
2, 1457670984.99, 84, 0, recieved, 0, 83
2, 1457670985.24, 85, 0, internal
2, 1457670985.49, 86, 0, sent, 1
2, 1457670985.74, 87, 0, internal
2, 1457670985.99, 88, 0, internal
2, 1457670986.24, 89, 0, internal
2, 1457670986.49, 90, 0, internal
2, 1457670986.74, 91, 0, sent, 3
2, 1457670986.99, 92, 0, sent, 1
2, 1457670987.24, 93, 0, internal
2, 1457670987.49, 94, 0, internal
2, 1457670987.74, 98, 0, recieved, 0, 97
2, 1457670987.99, 99, 0, internal
2, 1457670988.24, 100, 0, sent, 3
2, 1457670988.49, 101, 0, internal
2, 1457670988.74, 102, 0, sent, 3
2, 1457670988.99, 103, 0, internal
2, 1457670989.24, 104, 0, internal
2, 1457670989.49, 107, 0, recieved, 0, 106
2, 1457670989.74, 108, 0, recieved, 0, 107
2, 1457670989.99, 110, 0, recieved, 0, 109
2, 1457670990.24, 111, 0, sent, 3
2, 1457670990.49, 112, 0, sent, 2
2, 1457670990.74, 113, 0, internal
2, 1457670990.99, 114, 0, sent, 2
2, 1457670991.24, 115, 0, internal
2, 1457670991.49, 116, 0, internal
2, 1457670991.74, 117, 0, internal
2, 1457670991.99, 120, 1, recieved, 0, 119
2, 1457670992.24, 121, 1, recieved, 0, 120
2, 1457670992.49, 122, 0, recieved, 0, 121
2, 1457670992.74, 123, 0, internal
2, 1457670992.99, 124, 0, recieved, 1, 123
2, 1457670993.24, 125, 0, internal
2, 1457670993.49, 126, 1, recieved, 1, 124
2, 1457670993.74, 128, 1, recieved, 0, 127
2, 1457670993.99, 129, 2, recieved, 1, 125
2, 1457670994.24, 131, 1, recieved, 0, 130
2, 1457670994.49, 132, 0, recieved, 1, 126
2, 1457670994.74, 134, 0, recieved, 0, 133
2, 1457670994.99, 136, 0, recieved, 0, 135
2, 1457670995.24, 137, 0, sent, 1
2, 1457670995.49, 138, 0, internal
2, 1457670995.74, 139, 0, internal
2, 1457670995.99, 140, 0, internal
2, 1457670996.24, 141, 0, internal
2, 1457670996.49, 144, 0, recieved, 0, 143
2, 1457670996.74, 145, 0, internal
2, 1457670996.99, 146, 0, sent, 3
2, 1457670997.24, 147, 0, sent, 1
2, 1457670997.49, 148, 0, internal
2, 1457670997.75, 149, 0, internal
2, 1457670997.99, 150, 0, internal
2, 1457670998.24, 151, 0, sent, 1
2, 1457670998.49, 152, 0, sent, 2
2, 1457670998.74, 153, 0, sent, 3
2, 1457670998.99, 154, 0, internal
2, 1457670999.24, 155, 0, internal
2, 1457670999.49, 156, 0, sent, 2
2, 1457670999.74, 157, 0, internal
2, 1457670999.99, 161, 1, recieved, 0, 160
2, 1457671000.24, 162, 0, recieved, 0, 161
2, 1457671000.49, 164, 0, recieved, 0, 163
2, 1457671000.74, 165, 0, internal
2, 1457671000.99, 166, 0, internal
2, 1457671001.24, 167, 0, sent, 2
2, 1457671001.49, 168, 0, internal
2, 1457671001.74, 169, 0, internal
2, 1457671001.99, 170, 0, sent, 1
2, 1457671002.24, 171, 0, internal
2, 1457671002.49, 173, 0, recieved, 1, 172
2, 1457671002.74, 174, 0, internal
2, 1457671002.99, 175, 0, sent, 3
2, 1457671003.24, 176, 0, internal
2, 1457671003.49, 179, 0, recieved, 0, 178
2, 1457671003.74, 180, 0, internal
2, 1457671003.99, 181, 0, internal
2, 1457671004.24, 182, 0, recieved, 1, 180
2, 1457671004.49, 183, 0, recieved, 1, 181
2, 1457671004.74, 184, 0, internal
2, 1457671004.99, 185, 0, sent, 2
2, 1457671005.24, 186, 0, internal
2, 1457671005.49, 187, 0, internal
2, 1457671005.74, 188, 0, internal
2, 1457671005.99, 189, 0, internal
2, 1457671006.24, 190, 0, internal
2, 1457671006.49, 191, 0, sent, 3
2, 1457671006.74, 192, 0, sent, 2
2, 1457671006.99, 197, 0, recieved, 0, 196
2, 1457671007.24, 198, 0, recieved, 0, 197
2, 1457671007.49, 199, 0, recieved, 0, 198
2, 1457671007.74, 200, 0, internal
2, 1457671007.99, 201, 0, internal
2, 1457671008.24, 202, 0, internal
2, 1457671008.49, 203, 0, internal
2, 1457671008.74, 204, 0, recieved, 1, 202
2, 1457671008.99, 207, 0, recieved, 0, 206
2, 1457671009.24, 208, 0, internal
2, 1457671009.49, 209, 0, recieved, 0, 208
2, 1457671009.74, 210, 0, internal
2, 1457671009.99, 211, 0, recieved, 0, 210
2, 1457671010.24, 212, 0, sent, 1
2, 1457671010.49, 213, 0, internal
2, 1457671010.74, 215, 0, recieved, 0, 214
2, 1457671010.99, 216, 1, recieved, 0, 215
2, 1457671011.24, 217, 0, recieved, 0, 216
2, 1457671011.49, 218, 0, sent, 2
2, 1457671011.74, 220, 0, recieved, 0, 219
2, 1457671011.99, 221, 1, recieved, 0, 220
2, 1457671012.24, 222, 0, recieved, 0, 221
2, 1457671012.49, 223, 0, internal
2, 1457671012.74, 224, 0, internal
2, 1457671012.99, 225, 0, internal
2, 1457671013.24, 226, 0, internal
2, 1457671013.49, 229, 0, recieved, 0, 228
2, 1457671013.74, 230, 0, internal
2, 1457671013.99, 231, 0, recieved, 0, 230
2, 1457671014.24, 232, 0, internal
2, 1457671014.49, 234, 0, recieved, 0, 233
2, 1457671014.74, 235, 0, recieved, 0, 234
2, 1457671014.99, 236, 0, recieved, 0, 235
2, 1457671015.24, 237, 0, internal
2, 1457671015.49, 238, 0, internal
2, 1457671015.74, 240, 0, recieved, 0, 239
2, 1457671015.99, 241, 0, internal
2, 1457671016.24, 242, 0, internal
2, 1457671016.49, 243, 0, internal
2, 1457671016.74, 244, 0, internal
2, 1457671016.99, 245, 0, sent, 1
2, 1457671017.24, 246, 0, sent, 2
2, 1457671017.49, 249, 0, recieved, 0, 248
2, 1457671017.74, 250, 0, internal
2, 1457671017.99, 251, 0, sent, 3
2, 1457671018.24, 252, 0, sent, 2
2, 1457671018.49, 253, 0, internal
2, 1457671018.74, 254, 0, internal
2, 1457671018.99, 255, 0, internal
2, 1457671019.24, 256, 0, internal
2, 1457671019.49, 259, 0, recieved, 0, 258
2, 1457671019.74, 260, 0, internal
2, 1457671019.99, 261, 1, recieved, 0, 260
2, 1457671020.24, 262, 1, recieved, 0, 261
2, 1457671020.49, 263, 0, recieved, 0, 262
2, 1457671020.74, 264, 0, internal
2, 1457671020.99, 265, 0, sent, 2
2, 1457671021.24, 266, 0, sent, 3
2, 1457671021.49, 267, 0, sent, 1
2, 1457671021.74, 268, 0, internal
2, 1457671021.99, 269, 0, sent, 1
2, 1457671022.24, 270, 0, internal
2, 1457671022.49, 271, 0, internal
2, 1457671022.74, 272, 0, sent, 3
2, 1457671022.99, 273, 0, internal
2, 1457671023.24, 274, 0, sent, 3
2, 1457671023.49, 275, 0, internal
2, 1457671023.74, 276, 0, internal
2, 1457671023.99, 282, 0, recieved, 0, 281
2, 1457671024.24, 283, 0, internal
2, 1457671024.49, 284, 0, internal
2, 1457671024.74, 285, 0, internal
2, 1457671024.99, 286, 0, internal
2, 1457671025.24, 288, 0, recieved, 0, 287
2, 1457671025.49, 289, 0, internal
2, 1457671025.74, 290, 0, recieved, 0, 289
2, 1457671025.99, 292, 0, recieved, 0, 291
2, 1457671026.24, 293, 0, internal
2, 1457671026.49, 294, 0, internal
2, 1457671026.74, 295, 0, sent, 3
2, 1457671026.99, 296, 0, sent, 2
2, 1457671027.24, 297, 0, internal
2, 1457671027.49, 298, 0, internal
2, 1457671027.74, 299, 0, sent, 1
2, 1457671027.99, 300, 0, sent, 3
2, 1457671028.24, 301, 0, internal
2, 1457671028.49, 305, 0, recieved, 0, 304
2, 1457671028.74, 306, 0, internal
