0, 1457671692.81, 2, 0, sent, 2
0, 1457671692.88, 3, 0, internal
0, 1457671692.95, 4, 0, sent, 3
0, 1457671693.02, 5, 0, internal
0, 1457671693.09, 7, 0, recieved, 2, 6
0, 1457671693.17, 8, 0, internal
0, 1457671693.24, 9, 0, internal
0, 1457671693.31, 10, 0, recieved, 2, 8
0, 1457671693.38, 11, 0, sent, 1
0, 1457671693.46, 12, 0, sent, 2
0, 1457671693.52, 13, 0, sent, 3
0, 1457671693.59, 14, 0, sent, 2
0, 1457671693.67, 15, 0, internal
0, 1457671693.74, 16, 0, internal
0, 1457671693.81, 17, 0, sent, 2
0, 1457671693.88, 18, 0, sent, 1
0, 1457671693.95, 20, 0, recieved, 2, 19
0, 1457671694.02, 21, 0, recieved, 2, 20
0, 1457671694.09, 22, 0, internal
0, 1457671694.17, 23, 0, internal
0, 1457671694.24, 24, 0, sent, 2
0, 1457671694.31, 25, 0, internal
0, 1457671694.38, 26, 0, internal
0, 1457671694.45, 27, 0, sent, 2
0, 1457671694.52, 28, 0, sent, 2
0, 1457671694.59, 29, 0, internal
0, 1457671694.67, 30, 0, sent, 3
0, 1457671694.74, 31, 0, internal
0, 1457671694.81, 32, 0, sent, 2
0, 1457671694.88, 33, 0, internal
0, 1457671694.95, 35, 0, recieved, 2, 34
0, 1457671695.02, 36, 0, recieved, 2, 35
0, 1457671695.09, 37, 0, sent, 2
0, 1457671695.16, 38, 0, sent, 2
0, 1457671695.24, 39, 0, sent, 1
0, 1457671695.31, 40, 0, sent, 1
0, 1457671695.38, 41, 0, recieved, 2, 40
0, 1457671695.45, 42, 0, internal
0, 1457671695.52, 43, 0, internal
0, 1457671695.59, 44, 0, recieved, 2, 42
0, 1457671695.67, 45, 0, recieved, 2, 43
0, 1457671695.74, 46, 0, sent, 1
0, 1457671695.81, 47, 0, sent, 2
0, 1457671695.88, 48, 0, sent, 2
0, 1457671695.95, 49, 0, sent, 2
0, 1457671696.02, 50, 0, internal
0, 1457671696.09, 52, 0, recieved, 2, 51
0, 1457671696.16, 53, 0, sent, 2
0, 1457671696.24, 54, 0, internal
0, 1457671696.31, 56, 0, recieved, 2, 55
0, 1457671696.38, 57, 0, recieved, 2, 56
0, 1457671696.45, 58, 0, sent, 1
0, 1457671696.52, 59, 0, sent, 1
0, 1457671696.59, 60, 0, sent, 1
0, 1457671696.67, 61, 0, sent, 2
0, 1457671696.74, 62, 0, sent, 1
0, 1457671696.81, 63, 0, internal
0, 1457671696.88, 64, 0, sent, 1
0, 1457671696.95, 65, 0, recieved, 2, 64
0, 1457671697.02, 66, 0, recieved, 2, 65
0, 1457671697.09, 67, 0, sent, 2
0, 1457671697.16, 68, 0, sent, 2
0, 1457671697.24, 69, 0, internal
0, 1457671697.31, 70, 0, sent, 1
0, 1457671697.38, 71, 0, sent, 1
0, 1457671697.45, 72, 0, recieved, 2, 71
0, 1457671697.52, 73, 0, sent, 1
0, 1457671697.59, 74, 0, sent, 2
0, 1457671697.66, 75, 0, sent, 1
0, 1457671697.74, 77, 0, recieved, 2, 76
0, 1457671697.81, 78, 0, internal
0, 1457671697.88, 79, 0, recieved, 2, 77
0, 1457671697.95, 80, 0, sent, 2
0, 1457671698.02, 81, 0, internal
0, 1457671698.09, 83, 0, recieved, 2, 82
0, 1457671698.17, 84, 0, sent, 3
0, 1457671698.24, 85, 0, sent, 3
0, 1457671698.31, 86, 0, sent, 3
0, 1457671698.38, 87, 0, internal
0, 1457671698.45, 88, 0, sent, 2
0, 1457671698.52, 89, 0, sent, 3
0, 1457671698.59, 90, 0, sent, 3
0, 1457671698.67, 91, 0, internal
0, 1457671698.74, 92, 0, internal
0, 1457671698.81, 93, 0, sent, 1
0, 1457671698.88, 94, 0, internal
0, 1457671698.95, 95, 0, sent, 3
0, 1457671699.02, 96, 0, internal
0, 1457671699.09, 97, 0, sent, 3
0, 1457671699.17, 98, 0, sent, 2
0, 1457671699.24, 99, 0, sent, 1
0, 1457671699.31, 100, 0, sent, 2
0, 1457671699.38, 101, 0, internal
0, 1457671699.45, 103, 0, recieved, 2, 102
0, 1457671699.52, 104, 0, sent, 2
0, 1457671699.59, 105, 0, sent, 2
0, 1457671699.67, 106, 0, sent, 2
0, 1457671699.74, 107, 0, internal
0, 1457671699.81, 108, 0, internal
0, 1457671699.88, 109, 0, recieved, 2, 108
0, 1457671699.95, 110, 0, recieved, 2, 109
0, 1457671700.02, 111, 0, sent, 3
0, 1457671700.09, 112, 0, sent, 1
0, 1457671700.17, 113, 0, sent, 3
0, 1457671700.24, 114, 0, sent, 1
0, 1457671700.31, 115, 0, sent, 3
0, 1457671700.38, 116, 0, internal
0, 1457671700.45, 117, 0, sent, 3
0, 1457671700.52, 118, 0, sent, 2
0, 1457671700.59, 119, 0, sent, 1
0, 1457671700.67, 120, 0, sent, 1
0, 1457671700.74, 121, 0, internal
0, 1457671700.81, 122, 0, sent, 2
0, 1457671700.88, 123, 0, sent, 3
0, 1457671700.95, 124, 0, sent, 3
0, 1457671701.02, 125, 0, sent, 3
0, 1457671701.09, 126, 0, sent, 2
0, 1457671701.17, 127, 0, internal
0, 1457671701.24, 128, 0, internal
0, 1457671701.31, 129, 0, internal
0, 1457671701.38, 130, 0, sent, 2
0, 1457671701.45, 131, 0, sent, 3
0, 1457671701.52, 132, 0, sent, 2
0, 1457671701.59, 133, 0, sent, 3
0, 1457671701.67, 134, 0, sent, 3
0, 1457671701.74, 135, 0, sent, 3
0, 1457671701.81, 136, 0, sent, 1
0, 1457671701.88, 137, 0, sent, 3
0, 1457671701.95, 138, 0, internal
0, 1457671702.02, 139, 0, sent, 2
0, 1457671702.09, 140, 0, sent, 2
0, 1457671702.16, 141, 0, internal
0, 1457671702.24, 142, 0, internal
0, 1457671702.31, 143, 0, internal
0, 1457671702.38, 144, 0, sent, 3
0, 1457671702.45, 145, 0, sent, 3
0, 1457671702.52, 146, 0, internal
0, 1457671702.59, 147, 0, internal
0, 1457671702.66, 148, 0, sent, 2
0, 1457671702.74, 149, 0, internal
0, 1457671702.81, 150, 0, sent, 3
0, 1457671702.88, 151, 0, sent, 3
0, 1457671702.95, 152, 0, internal
0, 1457671703.02, 153, 0, sent, 2
0, 1457671703.09, 154, 0, internal
0, 1457671703.17, 155, 0, sent, 1
0, 1457671703.24, 156, 0, recieved, 2, 155
0, 1457671703.31, 157, 0, sent, 2
0, 1457671703.38, 158, 0, sent, 1
0, 1457671703.45, 159, 0, sent, 2
0, 1457671703.52, 160, 0, internal
0, 1457671703.59, 161, 0, internal
0, 1457671703.67, 162, 0, sent, 2
0, 1457671703.74, 163, 0, sent, 2
0, 1457671703.81, 164, 0, internal
0, 1457671703.88, 165, 0, internal
0, 1457671703.95, 166, 0, internal
0, 1457671704.02, 167, 0, sent, 2
0, 1457671704.09, 168, 0, internal
0, 1457671704.17, 169, 0, sent, 2
0, 1457671704.24, 170, 0, internal
0, 1457671704.31, 171, 0, sent, 3
0, 1457671704.38, 172, 0, sent, 3
0, 1457671704.45, 173, 0, internal
0, 1457671704.52, 174, 0, internal
0, 1457671704.59, 175, 0, sent, 1
0, 1457671704.66, 176, 0, internal
0, 1457671704.74, 177, 0, internal
0, 1457671704.81, 178, 0, internal
0, 1457671704.88, 179, 0, sent, 1
0, 1457671704.95, 180, 0, recieved, 2, 178
0, 1457671705.02, 181, 0, recieved, 2, 179
0, 1457671705.09, 182, 0, recieved, 2, 180
0, 1457671705.17, 183, 0, internal
0, 1457671705.24, 184, 0, sent, 1
0, 1457671705.31, 185, 0, sent, 1
0, 1457671705.38, 186, 0, sent, 3
0, 1457671705.45, 187, 0, sent, 2
0, 1457671705.52, 188, 0, internal
0, 1457671705.59, 189, 0, sent, 1
0, 1457671705.67, 190, 0, internal
0, 1457671705.74, 191, 0, internal
0, 1457671705.81, 192, 0, sent, 2
0, 1457671705.88, 193, 0, sent, 3
0, 1457671705.95, 194, 0, internal
0, 1457671706.02, 196, 0, recieved, 2, 195
0, 1457671706.09, 197, 0, sent, 3
0, 1457671706.17, 198, 0, sent, 2
0, 1457671706.24, 199, 0, sent, 3
0, 1457671706.31, 200, 0, sent, 2
0, 1457671706.38, 201, 0, sent, 1
0, 1457671706.45, 202, 0, sent, 3
0, 1457671706.52, 203, 0, internal
0, 1457671706.59, 204, 0, sent, 3
0, 1457671706.67, 205, 0, sent, 1
0, 1457671706.74, 207, 0, recieved, 2, 206
0, 1457671706.81, 208, 0, internal
0, 1457671706.88, 209, 0, recieved, 2, 207
0, 1457671706.95, 210, 0, recieved, 2, 208
0, 1457671707.02, 211, 0, recieved, 2, 209
0, 1457671707.09, 212, 0, recieved, 2, 210
0, 1457671707.17, 213, 0, internal
0, 1457671707.24, 214, 0, recieved, 2, 211
0, 1457671707.31, 215, 0, recieved, 2, 212
0, 1457671707.38, 216, 0, sent, 1
0, 1457671707.45, 217, 0, sent, 1
0, 1457671707.52, 218, 0, sent, 2
0, 1457671707.59, 219, 0, sent, 3
0, 1457671707.66, 220, 0, sent, 1
0, 1457671707.74, 221, 0, sent, 3
0, 1457671707.81, 222, 0, sent, 2
0, 1457671707.88, 223, 0, sent, 3
0, 1457671707.95, 224, 0, sent, 3
0, 1457671708.02, 225, 0, internal
0, 1457671708.09, 226, 0, sent, 2
0, 1457671708.17, 227, 0, sent, 2
0, 1457671708.24, 228, 0, internal
0, 1457671708.31, 229, 0, internal
0, 1457671708.38, 230, 0, recieved, 2, 229
0, 1457671708.45, 231, 0, sent, 2
0, 1457671708.52, 232, 0, sent, 3
0, 1457671708.59, 233, 0, internal
0, 1457671708.66, 234, 0, sent, 2
0, 1457671708.74, 235, 0, sent, 3
0, 1457671708.81, 236, 0, sent, 3
0, 1457671708.88, 237, 0, sent, 1
0, 1457671708.95, 238, 0, sent, 2
0, 1457671709.02, 239, 0, internal
0, 1457671709.09, 241, 0, recieved, 2, 240
0, 1457671709.17, 242, 0, sent, 2
0, 1457671709.24, 243, 0, internal
0, 1457671709.31, 244, 0, sent, 3
0, 1457671709.38, 245, 0, internal
0, 1457671709.45, 247, 0, recieved, 2, 246
0, 1457671709.52, 248, 0, internal
0, 1457671709.59, 249, 0, recieved, 2, 247
0, 1457671709.67, 250, 0, internal
0, 1457671709.74, 251, 0, internal
0, 1457671709.81, 252, 0, sent, 2
0, 1457671709.88, 253, 0, internal
0, 1457671709.95, 254, 0, internal
0, 1457671710.02, 256, 0, recieved, 2, 255
0, 1457671710.09, 257, 0, recieved, 2, 256
0, 1457671710.17, 258, 0, sent, 3
0, 1457671710.24, 259, 0, internal
0, 1457671710.31, 260, 0, internal
0, 1457671710.38, 261, 0, sent, 3
0, 1457671710.45, 262, 0, internal
0, 1457671710.52, 263, 0, sent, 3
0, 1457671710.59, 264, 0, sent, 1
0, 1457671710.67, 266, 0, recieved, 2, 265
0, 1457671710.74, 267, 0, sent, 1
0, 1457671710.81, 268, 0, sent, 2
0, 1457671710.88, 269, 0, sent, 1
0, 1457671710.95, 270, 0, internal
0, 1457671711.02, 271, 0, internal
0, 1457671711.09, 272, 0, internal
0, 1457671711.17, 273, 0, sent, 1
0, 1457671711.24, 274, 0, sent, 1
0, 1457671711.31, 275, 0, sent, 2
0, 1457671711.38, 276, 0, internal
0, 1457671711.45, 277, 0, sent, 2
0, 1457671711.52, 278, 0, sent, 1
0, 1457671711.59, 279, 0, internal
0, 1457671711.67, 280, 0, internal
0, 1457671711.74, 281, 0, sent, 2
0, 1457671711.81, 282, 0, internal
0, 1457671711.88, 283, 0, sent, 2
0, 1457671711.95, 284, 0, internal
0, 1457671712.02, 285, 0, sent, 1
0, 1457671712.09, 286, 0, internal
0, 1457671712.17, 287, 0, internal
0, 1457671712.24, 288, 0, recieved, 2, 287
0, 1457671712.31, 289, 0, internal
0, 1457671712.38, 290, 0, sent, 3
0, 1457671712.45, 291, 0, internal
0, 1457671712.52, 292, 0, internal
0, 1457671712.59, 293, 0, recieved, 2, 292
0, 1457671712.67, 294, 0, sent, 3
0, 1457671712.74, 295, 0, sent, 2
0, 1457671712.81, 296, 0, sent, 3
0, 1457671712.88, 297, 0, sent, 2
0, 1457671712.95, 298, 0, internal
0, 1457671713.02, 299, 0, sent, 3
0, 1457671713.09, 300, 0, internal
0, 1457671713.17, 301, 0, sent, 3
0, 1457671713.24, 302, 0, sent, 1
0, 1457671713.31, 304, 0, recieved, 2, 303
0, 1457671713.38, 305, 0, sent, 1
0, 1457671713.45, 306, 0, recieved, 2, 305
0, 1457671713.52, 307, 0, internal
0, 1457671713.59, 308, 0, recieved, 2, 306
0, 1457671713.67, 309, 0, recieved, 2, 307
0, 1457671713.74, 310, 0, recieved, 2, 308
0, 1457671713.81, 311, 0, sent, 2
0, 1457671713.88, 312, 0, sent, 2
0, 1457671713.95, 313, 0, sent, 1
0, 1457671714.02, 314, 0, internal
0, 1457671714.09, 315, 0, sent, 2
0, 1457671714.16, 316, 0, internal
0, 1457671714.24, 317, 0, sent, 3
0, 1457671714.31, 318, 0, sent, 1
0, 1457671714.38, 319, 0, sent, 1
0, 1457671714.45, 320, 0, internal
0, 1457671714.52, 321, 0, sent, 2
0, 1457671714.59, 322, 0, internal
0, 1457671714.66, 323, 0, internal
0, 1457671714.74, 324, 0, internal
0, 1457671714.81, 325, 0, internal
0, 1457671714.88, 326, 0, recieved, 2, 325
0, 1457671714.95, 327, 0, internal
0, 1457671715.02, 328, 0, recieved, 2, 327
0, 1457671715.09, 329, 0, recieved, 2, 328
0, 1457671715.17, 330, 0, sent, 3
0, 1457671715.24, 331, 0, sent, 2
0, 1457671715.31, 332, 0, sent, 2
0, 1457671715.38, 333, 0, sent, 1
0, 1457671715.45, 334, 0, sent, 1
0, 1457671715.52, 335, 0, sent, 3
0, 1457671715.59, 336, 0, sent, 1
0, 1457671715.67, 337, 0, internal
0, 1457671715.74, 339, 0, recieved, 2, 338
0, 1457671715.81, 340, 0, sent, 1
0, 1457671715.88, 341, 0, recieved, 2, 339
0, 1457671715.95, 342, 0, internal
0, 1457671716.02, 343, 0, sent, 2
0, 1457671716.09, 344, 0, sent, 1
0, 1457671716.17, 345, 0, sent, 2
0, 1457671716.24, 346, 0, sent, 1
0, 1457671716.31, 347, 0, internal
0, 1457671716.38, 348, 0, internal
0, 1457671716.45, 349, 0, internal
0, 1457671716.52, 350, 0, internal
0, 1457671716.59, 351, 0, recieved, 2, 350
0, 1457671716.67, 352, 0, recieved, 2, 351
0, 1457671716.74, 353, 0, sent, 3
0, 1457671716.81, 354, 0, sent, 2
0, 1457671716.88, 355, 0, internal
0, 1457671716.95, 356, 0, sent, 1
0, 1457671717.02, 357, 0, recieved, 2, 356
0, 1457671717.09, 358, 0, recieved, 2, 357
0, 1457671717.16, 359, 0, internal
0, 1457671717.24, 360, 0, internal
0, 1457671717.31, 361, 0, sent, 3
0, 1457671717.38, 362, 0, internal
0, 1457671717.45, 363, 0, sent, 1
0, 1457671717.52, 364, 0, internal
0, 1457671717.59, 365, 0, sent, 3
0, 1457671717.67, 366, 0, internal
0, 1457671717.74, 367, 0, internal
0, 1457671717.81, 368, 0, sent, 1
0, 1457671717.88, 369, 0, sent, 3
0, 1457671717.95, 370, 0, internal
0, 1457671718.02, 372, 0, recieved, 2, 371
0, 1457671718.09, 373, 0, internal
0, 1457671718.17, 374, 0, internal
0, 1457671718.24, 375, 0, internal
0, 1457671718.31, 376, 0, recieved, 2, 374
0, 1457671718.38, 377, 0, sent, 1
0, 1457671718.45, 378, 0, sent, 3
0, 1457671718.52, 379, 0, sent, 3
0, 1457671718.59, 380, 0, sent, 3
0, 1457671718.66, 381, 0, sent, 2
0, 1457671718.74, 382, 0, internal
0, 1457671718.81, 383, 0, internal
0, 1457671718.88, 384, 0, internal
0, 1457671718.95, 385, 0, internal
0, 1457671719.02, 386, 0, internal
0, 1457671719.09, 387, 0, recieved, 2, 385
0, 1457671719.16, 388, 0, sent, 1
0, 1457671719.24, 389, 0, sent, 2
0, 1457671719.31, 390, 0, sent, 2
0, 1457671719.38, 391, 0, sent, 2
0, 1457671719.45, 392, 0, sent, 1
0, 1457671719.52, 393, 0, internal
0, 1457671719.59, 394, 0, recieved, 2, 393
0, 1457671719.67, 395, 0, internal
0, 1457671719.74, 396, 0, sent, 3
0, 1457671719.81, 397, 0, sent, 2
0, 1457671719.88, 398, 0, internal
0, 1457671719.95, 399, 0, sent, 3
0, 1457671720.02, 400, 0, sent, 3
0, 1457671720.09, 401, 0, sent, 2
0, 1457671720.17, 402, 0, internal
0, 1457671720.24, 403, 0, sent, 3
0, 1457671720.31, 404, 0, sent, 3
0, 1457671720.38, 405, 0, internal
0, 1457671720.45, 406, 0, sent, 2
0, 1457671720.52, 407, 0, internal
0, 1457671720.59, 408, 0, sent, 1
0, 1457671720.67, 409, 0, sent, 2
0, 1457671720.74, 410, 0, internal
0, 1457671720.81, 411, 0, sent, 2
0, 1457671720.88, 412, 0, sent, 1
0, 1457671720.95, 413, 0, sent, 2
0, 1457671721.02, 414, 0, internal
0, 1457671721.09, 416, 0, recieved, 2, 415
0, 1457671721.16, 417, 0, sent, 1
0, 1457671721.24, 418, 0, internal
0, 1457671721.31, 419, 0, recieved, 2, 417
0, 1457671721.38, 420, 0, sent, 3
0, 1457671721.45, 421, 0, internal
0, 1457671721.52, 422, 0, sent, 3
0, 1457671721.59, 423, 0, sent, 2
0, 1457671721.67, 424, 0, internal
0, 1457671721.74, 426, 0, recieved, 2, 425
0, 1457671721.81, 427, 0, internal
0, 1457671721.88, 428, 0, internal
0, 1457671721.95, 429, 0, recieved, 2, 427
0, 1457671722.02, 430, 0, recieved, 2, 428
0, 1457671722.09, 431, 0, sent, 3
0, 1457671722.17, 432, 0, internal
0, 1457671722.24, 433, 0, sent, 3
0, 1457671722.31, 434, 0, sent, 1
0, 1457671722.38, 435, 0, internal
0, 1457671722.45, 437, 0, recieved, 2, 436
0, 1457671722.52, 438, 0, sent, 2
0, 1457671722.59, 439, 0, internal
0, 1457671722.67, 440, 0, internal
0, 1457671722.74, 441, 0, sent, 3
0, 1457671722.81, 442, 0, sent, 1
0, 1457671722.88, 443, 0, internal
0, 1457671722.95, 444, 0, sent, 3
0, 1457671723.02, 445, 0, internal
0, 1457671723.09, 447, 0, recieved, 2, 446
0, 1457671723.17, 448, 0, sent, 1
0, 1457671723.24, 449, 0, internal
0, 1457671723.31, 450, 0, internal
0, 1457671723.38, 451, 0, internal
0, 1457671723.45, 452, 0, sent, 2
0, 1457671723.52, 453, 0, internal
0, 1457671723.59, 454, 0, internal
0, 1457671723.67, 455, 0, recieved, 2, 454
0, 1457671723.74, 456, 0, sent, 2
0, 1457671723.81, 457, 0, sent, 3
0, 1457671723.88, 458, 0, sent, 2
0, 1457671723.95, 459, 0, internal
0, 1457671724.02, 460, 0, internal
0, 1457671724.09, 461, 0, internal
0, 1457671724.16, 462, 0, internal
0, 1457671724.24, 463, 0, sent, 3
0, 1457671724.31, 464, 0, sent, 2
0, 1457671724.38, 465, 0, internal
0, 1457671724.45, 467, 0, recieved, 2, 466
0, 1457671724.52, 468, 0, sent, 2
0, 1457671724.59, 469, 0, internal
0, 1457671724.66, 470, 0, internal
0, 1457671724.74, 471, 0, internal
0, 1457671724.81, 472, 0, sent, 2
0, 1457671724.88, 473, 0, sent, 2
0, 1457671724.95, 474, 0, sent, 3
0, 1457671725.02, 475, 0, sent, 3
0, 1457671725.09, 476, 0, sent, 2
0, 1457671725.17, 477, 0, internal
0, 1457671725.24, 478, 0, sent, 1
0, 1457671725.31, 479, 0, recieved, 2, 478
0, 1457671725.38, 480, 0, internal
0, 1457671725.45, 481, 0, recieved, 2, 480
0, 1457671725.52, 482, 0, sent, 2
0, 1457671725.59, 483, 0, sent, 1
0, 1457671725.66, 484, 0, internal
0, 1457671725.74, 486, 0, recieved, 2, 485
0, 1457671725.81, 487, 0, sent, 2
0, 1457671725.88, 488, 0, sent, 3
0, 1457671725.95, 489, 0, sent, 3
0, 1457671726.02, 490, 0, sent, 3
0, 1457671726.09, 491, 0, sent, 2
0, 1457671726.17, 492, 0, internal
0, 1457671726.24, 493, 0, internal
0, 1457671726.31, 494, 0, internal
0, 1457671726.38, 495, 0, recieved, 2, 494
0, 1457671726.45, 496, 0, sent, 1
0, 1457671726.52, 497, 0, internal
0, 1457671726.59, 498, 0, sent, 2
0, 1457671726.67, 499, 0, sent, 2
0, 1457671726.74, 500, 0, sent, 2
0, 1457671726.81, 501, 0, sent, 3
0, 1457671726.88, 502, 0, sent, 3
0, 1457671726.95, 503, 0, internal
0, 1457671727.02, 504, 0, sent, 2
0, 1457671727.09, 505, 0, sent, 3
0, 1457671727.17, 506, 0, internal
0, 1457671727.24, 507, 0, sent, 2
0, 1457671727.31, 508, 0, sent, 2
0, 1457671727.38, 509, 0, internal
0, 1457671727.45, 511, 0, recieved, 2, 510
0, 1457671727.52, 512, 0, internal
0, 1457671727.59, 513, 0, recieved, 2, 511
0, 1457671727.66, 514, 0, sent, 1
0, 1457671727.74, 515, 0, recieved, 2, 513
0, 1457671727.81, 516, 0, sent, 3
0, 1457671727.88, 517, 0, sent, 3
0, 1457671727.95, 518, 0, sent, 1
0, 1457671728.02, 519, 0, sent, 2
0, 1457671728.09, 520, 0, sent, 3
0, 1457671728.17, 521, 0, internal
0, 1457671728.24, 522, 0, sent, 3
0, 1457671728.31, 523, 0, sent, 2
0, 1457671728.38, 524, 0, sent, 2
0, 1457671728.45, 525, 0, sent, 2
0, 1457671728.52, 526, 0, sent, 2
0, 1457671728.59, 527, 0, sent, 2
0, 1457671728.66, 528, 0, internal
0, 1457671728.74, 529, 0, internal
0, 1457671728.81, 530, 0, sent, 1
0, 1457671728.88, 531, 0, recieved, 2, 529
0, 1457671728.95, 532, 0, recieved, 2, 530
0, 1457671729.02, 533, 0, internal
0, 1457671729.09, 534, 0, recieved, 2, 532
0, 1457671729.17, 535, 0, sent, 3
0, 1457671729.24, 536, 0, sent, 1
0, 1457671729.31, 538, 0, recieved, 2, 537
0, 1457671729.38, 539, 0, sent, 3
0, 1457671729.45, 540, 0, sent, 3
0, 1457671729.52, 541, 0, sent, 2
0, 1457671729.59, 542, 0, sent, 2
0, 1457671729.67, 543, 0, sent, 3
0, 1457671729.74, 544, 0, internal
0, 1457671729.81, 545, 0, internal
0, 1457671729.88, 546, 0, internal
0, 1457671729.95, 547, 0, recieved, 2, 545
0, 1457671730.02, 548, 0, recieved, 2, 546
0, 1457671730.09, 549, 0, recieved, 2, 547
0, 1457671730.17, 550, 0, sent, 1
0, 1457671730.24, 551, 0, recieved, 2, 548
0, 1457671730.31, 552, 0, sent, 1
0, 1457671730.38, 553, 0, sent, 1
0, 1457671730.45, 554, 0, recieved, 2, 551
0, 1457671730.52, 555, 0, sent, 1
0, 1457671730.59, 556, 0, sent, 1
0, 1457671730.67, 557, 0, sent, 1
0, 1457671730.74, 558, 0, recieved, 2, 554
0, 1457671730.81, 559, 0, sent, 1
0, 1457671730.88, 560, 0, recieved, 2, 555
0, 1457671730.95, 561, 0, recieved, 2, 556
0, 1457671731.02, 562, 0, sent, 2
0, 1457671731.09, 563, 0, sent, 3
0, 1457671731.17, 564, 0, internal
0, 1457671731.24, 565, 0, sent, 3
0, 1457671731.31, 566, 0, sent, 3
0, 1457671731.38, 567, 0, sent, 1
0, 1457671731.45, 569, 0, recieved, 2, 568
0, 1457671731.52, 570, 0, sent, 1
0, 1457671731.59, 571, 0, recieved, 2, 569
0, 1457671731.67, 572, 0, recieved, 2, 570
0, 1457671731.74, 573, 0, sent, 2
0, 1457671731.81, 574, 0, sent, 1
0, 1457671731.88, 575, 0, sent, 3
0, 1457671731.95, 576, 0, internal
0, 1457671732.02, 578, 0, recieved, 2, 577
0, 1457671732.09, 579, 0, recieved, 2, 578
0, 1457671732.17, 580, 0, internal
0, 1457671732.24, 581, 0, recieved, 2, 579
0, 1457671732.31, 582, 0, sent, 3
0, 1457671732.38, 583, 0, internal
0, 1457671732.45, 584, 0, internal
0, 1457671732.52, 585, 0, sent, 1
0, 1457671732.59, 586, 0, recieved, 2, 585
0, 1457671732.66, 587, 0, sent, 2
0, 1457671732.74, 588, 0, sent, 3
0, 1457671732.81, 589, 0, internal
0, 1457671732.88, 590, 0, internal
0, 1457671732.95, 591, 0, recieved, 2, 590
0, 1457671733.02, 592, 0, sent, 1
0, 1457671733.09, 593, 0, sent, 1
0, 1457671733.17, 594, 0, sent, 1
0, 1457671733.24, 595, 0, sent, 2
0, 1457671733.31, 596, 0, internal
0, 1457671733.38, 598, 0, recieved, 2, 597
0, 1457671733.45, 599, 0, sent, 1
0, 1457671733.52, 600, 0, internal
0, 1457671733.59, 601, 0, sent, 3
0, 1457671733.67, 602, 0, internal
0, 1457671733.74, 603, 0, sent, 2
0, 1457671733.81, 604, 0, sent, 2
0, 1457671733.88, 605, 0, internal
0, 1457671733.95, 606, 0, sent, 3
0, 1457671734.02, 607, 0, internal
0, 1457671734.09, 609, 0, recieved, 2, 608
0, 1457671734.17, 610, 0, sent, 3
0, 1457671734.24, 611, 0, sent, 3
0, 1457671734.31, 612, 0, internal
0, 1457671734.38, 613, 0, sent, 1
0, 1457671734.45, 614, 0, internal
0, 1457671734.52, 615, 0, internal
0, 1457671734.59, 616, 0, sent, 3
0, 1457671734.67, 617, 0, sent, 2
0, 1457671734.74, 618, 0, sent, 3
0, 1457671734.81, 619, 0, sent, 3
0, 1457671734.88, 620, 0, sent, 1
0, 1457671734.95, 621, 0, sent, 3
0, 1457671735.02, 622, 0, sent, 2
0, 1457671735.09, 623, 0, sent, 2
0, 1457671735.17, 624, 0, internal
0, 1457671735.24, 625, 0, sent, 2
0, 1457671735.31, 626, 0, sent, 3
0, 1457671735.38, 627, 0, sent, 1
0, 1457671735.45, 629, 0, recieved, 2, 628
0, 1457671735.52, 630, 0, sent, 3
0, 1457671735.59, 631, 0, sent, 2
0, 1457671735.67, 632, 0, sent, 1
0, 1457671735.74, 633, 0, sent, 3
0, 1457671735.81, 634, 0, internal
0, 1457671735.88, 635, 0, sent, 3
0, 1457671735.95, 636, 0, internal
0, 1457671736.02, 637, 0, internal
0, 1457671736.09, 638, 0, internal
0, 1457671736.17, 639, 0, sent, 1
0, 1457671736.24, 640, 0, internal
0, 1457671736.31, 641, 0, internal
0, 1457671736.38, 642, 0, sent, 2
0, 1457671736.45, 643, 0, internal
0, 1457671736.52, 644, 0, sent, 1
0, 1457671736.59, 645, 0, sent, 3
0, 1457671736.67, 646, 0, internal
0, 1457671736.74, 648, 0, recieved, 2, 647
0, 1457671736.81, 649, 0, internal
0, 1457671736.88, 650, 0, recieved, 2, 648
0, 1457671736.95, 651, 0, internal
0, 1457671737.02, 652, 0, recieved, 2, 650
0, 1457671737.09, 653, 0, recieved, 2, 651
0, 1457671737.17, 654, 0, sent, 1
0, 1457671737.24, 655, 0, recieved, 2, 652
0, 1457671737.31, 656, 0, sent, 2
0, 1457671737.38, 657, 0, internal
0, 1457671737.45, 659, 0, recieved, 2, 658
0, 1457671737.52, 660, 0, internal
0, 1457671737.59, 661, 0, internal
0, 1457671737.67, 662, 0, sent, 3
0, 1457671737.74, 663, 0, internal
0, 1457671737.81, 664, 0, internal
0, 1457671737.88, 665, 0, recieved, 2, 664
0, 1457671737.95, 666, 0, recieved, 2, 665
0, 1457671738.02, 667, 0, recieved, 2, 666
0, 1457671738.09, 668, 0, recieved, 2, 667
0, 1457671738.17, 669, 0, sent, 1
0, 1457671738.24, 670, 0, internal
0, 1457671738.31, 671, 0, internal
0, 1457671738.38, 672, 0, sent, 1
0, 1457671738.45, 673, 0, sent, 3
0, 1457671738.52, 674, 0, sent, 1
0, 1457671738.59, 675, 0, internal
0, 1457671738.67, 676, 0, sent, 1
0, 1457671738.74, 677, 0, recieved, 2, 676
0, 1457671738.81, 678, 0, sent, 2
0, 1457671738.88, 679, 0, internal
0, 1457671738.95, 680, 0, internal
0, 1457671739.02, 682, 0, recieved, 2, 681
0, 1457671739.09, 683, 0, recieved, 2, 682
0, 1457671739.17, 684, 0, sent, 1
0, 1457671739.24, 685, 0, sent, 1
0, 1457671739.31, 686, 0, internal
0, 1457671739.38, 687, 0, sent, 2
0, 1457671739.45, 688, 0, sent, 1
0, 1457671739.52, 689, 0, internal
0, 1457671739.59, 690, 0, sent, 3
0, 1457671739.67, 691, 0, sent, 3
0, 1457671739.74, 692, 0, internal
0, 1457671739.81, 693, 0, internal
0, 1457671739.88, 694, 0, recieved, 2, 693
0, 1457671739.95, 695, 0, sent, 1
0, 1457671740.02, 696, 0, recieved, 2, 695
0, 1457671740.09, 697, 0, sent, 3
0, 1457671740.17, 698, 0, internal
0, 1457671740.24, 699, 0, internal
0, 1457671740.31, 700, 0, sent, 1
0, 1457671740.38, 701, 0, sent, 2
0, 1457671740.45, 702, 0, internal
0, 1457671740.52, 703, 0, sent, 2
0, 1457671740.59, 704, 0, sent, 1
0, 1457671740.67, 705, 0, internal
0, 1457671740.74, 707, 0, recieved, 2, 706
0, 1457671740.81, 708, 0, sent, 1
0, 1457671740.88, 709, 0, sent, 1
0, 1457671740.95, 710, 0, internal
0, 1457671741.02, 711, 0, internal
0, 1457671741.09, 712, 0, sent, 1
0, 1457671741.16, 713, 0, sent, 3
0, 1457671741.24, 714, 0, internal
0, 1457671741.31, 715, 0, sent, 3
0, 1457671741.38, 716, 0, internal
0, 1457671741.45, 718, 0, recieved, 2, 717
0, 1457671741.52, 719, 0, sent, 3
0, 1457671741.59, 720, 0, sent, 1
0, 1457671741.67, 722, 0, recieved, 2, 721
0, 1457671741.74, 723, 0, sent, 1
0, 1457671741.81, 724, 0, sent, 1
0, 1457671741.88, 725, 0, recieved, 2, 723
0, 1457671741.95, 726, 0, recieved, 2, 724
0, 1457671742.02, 727, 0, sent, 3
0, 1457671742.09, 728, 0, sent, 1
0, 1457671742.17, 729, 0, internal
0, 1457671742.24, 730, 0, sent, 3
0, 1457671742.31, 731, 0, sent, 3
0, 1457671742.38, 732, 0, sent, 1
0, 1457671742.45, 733, 0, internal
0, 1457671742.52, 734, 0, sent, 2
0, 1457671742.59, 735, 0, internal
0, 1457671742.67, 737, 0, recieved, 2, 736
0, 1457671742.74, 738, 0, recieved, 2, 737
0, 1457671742.81, 739, 0, internal
0, 1457671742.88, 740, 0, recieved, 2, 738
0, 1457671742.95, 741, 0, sent, 2
0, 1457671743.02, 742, 0, sent, 3
0, 1457671743.09, 743, 0, internal
0, 1457671743.16, 744, 0, internal
0, 1457671743.24, 745, 0, recieved, 2, 744
0, 1457671743.31, 746, 0, sent, 2
0, 1457671743.38, 747, 0, internal
0, 1457671743.45, 748, 0, sent, 1
0, 1457671743.52, 749, 0, sent, 2
0, 1457671743.59, 750, 0, internal
0, 1457671743.67, 751, 0, sent, 3
0, 1457671743.74, 752, 0, internal
0, 1457671743.81, 753, 0, internal
0, 1457671743.88, 754, 0, recieved, 2, 753
0, 1457671743.95, 755, 0, internal
0, 1457671744.02, 756, 0, sent, 3
0, 1457671744.09, 757, 0, sent, 3
0, 1457671744.17, 758, 0, sent, 2
0, 1457671744.24, 759, 0, internal
0, 1457671744.31, 760, 0, internal
0, 1457671744.38, 761, 0, recieved, 2, 760
0, 1457671744.45, 762, 0, sent, 2
0, 1457671744.52, 763, 0, sent, 2
0, 1457671744.59, 764, 0, internal
0, 1457671744.67, 765, 0, sent, 3
0, 1457671744.74, 766, 0, sent, 2
0, 1457671744.81, 767, 0, internal
0, 1457671744.88, 768, 0, sent, 1
0, 1457671744.95, 769, 0, recieved, 2, 768
0, 1457671745.02, 770, 0, recieved, 2, 769
0, 1457671745.09, 771, 0, internal
0, 1457671745.17, 772, 0, sent, 3
0, 1457671745.24, 773, 0, sent, 3
0, 1457671745.31, 774, 0, internal
0, 1457671745.38, 776, 0, recieved, 2, 775
0, 1457671745.45, 777, 0, sent, 2
0, 1457671745.52, 778, 0, sent, 3
0, 1457671745.59, 779, 0, sent, 1
0, 1457671745.66, 780, 0, sent, 1
0, 1457671745.74, 781, 0, internal
0, 1457671745.81, 782, 0, internal
0, 1457671745.88, 783, 0, recieved, 2, 781
0, 1457671745.95, 784, 0, sent, 3
0, 1457671746.02, 785, 0, sent, 2
0, 1457671746.09, 786, 0, sent, 2
0, 1457671746.16, 787, 0, sent, 1
0, 1457671746.24, 788, 0, sent, 1
0, 1457671746.31, 789, 0, internal
0, 1457671746.38, 790, 0, recieved, 2, 789
0, 1457671746.45, 791, 0, internal
0, 1457671746.52, 792, 0, sent, 2
0, 1457671746.59, 793, 0, internal
0, 1457671746.66, 794, 0, internal
0, 1457671746.74, 795, 0, sent, 2
0, 1457671746.81, 796, 0, sent, 2
0, 1457671746.88, 797, 0, sent, 2
0, 1457671746.95, 798, 0, internal
0, 1457671747.02, 799, 0, sent, 2
0, 1457671747.09, 800, 0, sent, 1
0, 1457671747.16, 801, 0, internal
0, 1457671747.24, 802, 0, recieved, 2, 801
0, 1457671747.31, 803, 0, sent, 1
0, 1457671747.38, 804, 0, sent, 1
0, 1457671747.45, 805, 0, recieved, 2, 804
0, 1457671747.52, 806, 0, internal
0, 1457671747.59, 807, 0, sent, 1
0, 1457671747.66, 808, 0, recieved, 2, 806
0, 1457671747.74, 809, 0, internal
0, 1457671747.81, 810, 0, sent, 3
0, 1457671747.88, 811, 0, internal
0, 1457671747.95, 813, 0, recieved, 2, 812
0, 1457671748.02, 814, 0, sent, 2
0, 1457671748.09, 815, 0, sent, 2
0, 1457671748.17, 816, 0, sent, 3
0, 1457671748.24, 817, 0, sent, 2
0, 1457671748.31, 818, 0, internal
0, 1457671748.38, 819, 0, sent, 3
0, 1457671748.45, 820, 0, internal
0, 1457671748.52, 821, 0, internal
0, 1457671748.59, 822, 0, recieved, 2, 821
0, 1457671748.66, 823, 0, sent, 3
0, 1457671748.74, 824, 0, sent, 1
0, 1457671748.81, 825, 0, internal
0, 1457671748.88, 826, 0, sent, 3
0, 1457671748.95, 827, 0, internal
0, 1457671749.02, 829, 0, recieved, 2, 828
0, 1457671749.09, 830, 0, sent, 2
0, 1457671749.17, 831, 0, internal
0, 1457671749.24, 832, 0, sent, 2
0, 1457671749.31, 833, 0, sent, 2
0, 1457671749.38, 834, 0, sent, 1
0, 1457671749.45, 835, 0, sent, 3
0, 1457671749.52, 836, 0, sent, 2
0, 1457671749.59, 837, 0, internal
0, 1457671749.67, 838, 0, internal
0, 1457671749.74, 839, 0, sent, 2
0, 1457671749.81, 840, 0, internal
0, 1457671749.88, 841, 0, sent, 2
0, 1457671749.95, 842, 0, sent, 1
0, 1457671750.02, 844, 0, recieved, 2, 843
0, 1457671750.09, 845, 0, internal
0, 1457671750.17, 846, 0, internal
0, 1457671750.24, 847, 0, recieved, 2, 845
0, 1457671750.31, 848, 0, internal
0, 1457671750.38, 849, 0, sent, 3
0, 1457671750.45, 850, 0, internal
0, 1457671750.52, 851, 0, sent, 3
0, 1457671750.59, 852, 0, sent, 2
0, 1457671750.67, 853, 0, internal
0, 1457671750.74, 854, 0, sent, 1
0, 1457671750.81, 855, 0, internal
0, 1457671750.88, 856, 0, sent, 1
0, 1457671750.95, 857, 0, recieved, 2, 856
0, 1457671751.02, 858, 0, recieved, 2, 857
0, 1457671751.09, 859, 0, sent, 3
0, 1457671751.16, 860, 0, sent, 1
0, 1457671751.24, 861, 0, internal
0, 1457671751.31, 862, 0, recieved, 2, 861
0, 1457671751.38, 863, 0, recieved, 2, 862
0, 1457671751.45, 864, 0, recieved, 2, 863
0, 1457671751.52, 865, 0, internal
0, 1457671751.59, 866, 0, recieved, 2, 864
0, 1457671751.67, 867, 0, internal
0, 1457671751.74, 868, 0, recieved, 2, 866
0, 1457671751.81, 869, 0, internal
0, 1457671751.88, 870, 0, recieved, 2, 867
0, 1457671751.95, 871, 0, sent, 1
0, 1457671752.02, 872, 0, internal
0, 1457671752.09, 873, 0, recieved, 2, 870
0, 1457671752.16, 874, 0, internal
0, 1457671752.24, 875, 0, internal
0, 1457671752.31, 876, 0, recieved, 2, 872
0, 1457671752.38, 877, 0, sent, 2
0, 1457671752.45, 878, 0, sent, 1
0, 1457671752.52, 879, 0, sent, 1
0, 1457671752.59, 880, 0, recieved, 2, 879
0, 1457671752.66, 881, 0, recieved, 2, 880
0, 1457671752.74, 882, 0, recieved, 2, 881
1, 1457671692.81, 2, 0, internal
1, 1457671693.81, 5, 3, recieved, 0, 4
1, 1457671694.81, 9, 5, recieved, 2, 8
1, 1457671695.81, 12, 11, recieved, 0, 11
1, 1457671696.81, 14, 16, recieved, 0, 13
1, 1457671697.81, 19, 24, recieved, 0, 18
1, 1457671698.81, 28, 30, recieved, 2, 27
1, 1457671699.81, 31, 35, recieved, 0, 30
1, 1457671700.81, 37, 44, recieved, 2, 36
1, 1457671701.81, 40, 52, recieved, 0, 39
1, 1457671702.81, 41, 57, recieved, 0, 40
1, 1457671703.81, 42, 62, recieved, 2, 40
1, 1457671704.81, 44, 66, recieved, 2, 43
1, 1457671705.81, 45, 73, recieved, 2, 44
1, 1457671706.81, 47, 81, recieved, 0, 46
1, 1457671707.81, 52, 89, recieved, 2, 51
1, 1457671708.81, 57, 94, recieved, 2, 56
1, 1457671709.81, 59, 99, recieved, 0, 58
1, 1457671710.81, 60, 104, recieved, 0, 59
1, 1457671711.81, 61, 108, recieved, 0, 60
1, 1457671712.81, 63, 114, recieved, 0, 62
1, 1457671713.81, 65, 119, recieved, 0, 64
1, 1457671714.81, 66, 124, recieved, 2, 64
1, 1457671715.81, 67, 134, recieved, 2, 66
1, 1457671716.81, 71, 139, recieved, 0, 70
1, 1457671717.81, 72, 144, recieved, 2, 70
1, 1457671718.81, 73, 153, recieved, 0, 71
1, 1457671719.81, 74, 157, recieved, 0, 73
1, 1457671720.81, 76, 161, recieved, 0, 75
1, 1457671721.81, 77, 167, recieved, 2, 76
1, 1457671722.81, 79, 172, recieved, 2, 78
1, 1457671723.81, 85, 177, recieved, 0, 84
1, 1457671724.81, 86, 180, recieved, 0, 85
1, 1457671725.81, 87, 186, recieved, 0, 86
1, 1457671726.81, 90, 190, recieved, 0, 89
1, 1457671727.81, 91, 195, recieved, 0, 90
1, 1457671728.81, 94, 200, recieved, 0, 93
1, 1457671729.81, 95, 207, recieved, 2, 93
1, 1457671730.81, 96, 219, recieved, 0, 95
1, 1457671731.81, 98, 227, recieved, 2, 97
1, 1457671732.81, 99, 232, recieved, 0, 97
1, 1457671733.81, 100, 237, recieved, 0, 99
1, 1457671734.81, 103, 246, recieved, 2, 102
1, 1457671735.81, 110, 252, recieved, 2, 109
1, 1457671736.81, 112, 256, recieved, 0, 111
1, 1457671737.81, 113, 259, recieved, 0, 112
1, 1457671738.81, 114, 267, recieved, 0, 113
1, 1457671739.81, 115, 274, recieved, 0, 114
1, 1457671740.81, 116, 281, recieved, 0, 115
1, 1457671741.81, 118, 290, recieved, 2, 117
1, 1457671742.81, 119, 297, recieved, 0, 117
1, 1457671743.81, 120, 301, recieved, 0, 119
1, 1457671744.81, 121, 303, recieved, 0, 120
1, 1457671745.81, 124, 309, recieved, 0, 123
1, 1457671746.81, 125, 313, recieved, 0, 124
1, 1457671747.81, 126, 319, recieved, 0, 125
1, 1457671748.81, 130, 323, recieved, 2, 129
1, 1457671749.81, 132, 327, recieved, 0, 131
1, 1457671750.81, 134, 333, recieved, 0, 133
1, 1457671751.81, 135, 338, recieved, 0, 134
2, 1457671692.81, 3, 0, recieved, 0, 2
2, 1457671692.9, 4, 0, internal
2, 1457671692.99, 5, 0, recieved, 0, 4
2, 1457671693.08, 6, 0, sent, 1
2, 1457671693.17, 7, 0, internal
2, 1457671693.27, 8, 0, sent, 3
2, 1457671693.36, 9, 0, internal
2, 1457671693.45, 10, 0, internal
2, 1457671693.54, 13, 1, recieved, 0, 12
2, 1457671693.63, 14, 1, recieved, 0, 13
2, 1457671693.72, 15, 0, recieved, 0, 14
2, 1457671693.81, 18, 0, recieved, 0, 17
2, 1457671693.9, 19, 0, sent, 1
2, 1457671693.99, 20, 0, sent, 1
2, 1457671694.08, 21, 0, internal
2, 1457671694.17, 22, 0, internal
2, 1457671694.27, 25, 0, recieved, 0, 24
2, 1457671694.36, 26, 0, internal
2, 1457671694.45, 27, 0, sent, 2
2, 1457671694.54, 28, 1, recieved, 0, 27
2, 1457671694.63, 29, 0, recieved, 0, 28
2, 1457671694.72, 31, 0, recieved, 0, 30
2, 1457671694.81, 33, 0, recieved, 0, 32
2, 1457671694.9, 34, 0, sent, 1
2, 1457671694.99, 35, 0, sent, 1
2, 1457671695.08, 36, 0, sent, 2
2, 1457671695.17, 38, 1, recieved, 0, 37
2, 1457671695.27, 39, 0, recieved, 0, 38
2, 1457671695.36, 40, 0, sent, 3
2, 1457671695.45, 41, 0, internal
2, 1457671695.54, 42, 0, sent, 1
2, 1457671695.63, 43, 0, sent, 3
2, 1457671695.72, 44, 0, sent, 2
2, 1457671695.81, 48, 0, recieved, 0, 47
2, 1457671695.9, 49, 0, recieved, 0, 48
2, 1457671695.99, 50, 0, recieved, 0, 49
2, 1457671696.08, 51, 0, sent, 3
2, 1457671696.17, 54, 0, recieved, 0, 53
2, 1457671696.27, 55, 0, sent, 1
2, 1457671696.36, 56, 0, sent, 3
2, 1457671696.45, 57, 0, internal
2, 1457671696.54, 58, 0, internal
2, 1457671696.63, 59, 0, internal
2, 1457671696.72, 62, 0, recieved, 0, 61
2, 1457671696.81, 63, 0, internal
2, 1457671696.9, 64, 0, sent, 3
2, 1457671696.99, 65, 0, sent, 1
2, 1457671697.08, 66, 0, sent, 2
2, 1457671697.17, 68, 1, recieved, 0, 67
2, 1457671697.27, 69, 0, recieved, 0, 68
2, 1457671697.36, 70, 0, sent, 2
2, 1457671697.45, 71, 0, sent, 1
2, 1457671697.54, 72, 0, internal
2, 1457671697.63, 75, 0, recieved, 0, 74
2, 1457671697.72, 76, 0, sent, 3
2, 1457671697.81, 77, 0, sent, 1
2, 1457671697.9, 78, 0, sent, 2
2, 1457671697.99, 81, 0, recieved, 0, 80
2, 1457671698.08, 82, 0, sent, 1
2, 1457671698.17, 85, 0, recieved, 0, 84
2, 1457671698.27, 86, 0, recieved, 0, 85
2, 1457671698.36, 87, 0, recieved, 0, 86
2, 1457671698.45, 88, 0, internal
2, 1457671698.54, 89, 1, recieved, 0, 88
2, 1457671698.63, 90, 1, recieved, 0, 89
2, 1457671698.72, 91, 0, recieved, 0, 90
2, 1457671698.81, 92, 0, internal
2, 1457671698.9, 93, 0, sent, 2
2, 1457671698.99, 96, 0, recieved, 0, 95
2, 1457671699.08, 97, 0, sent, 2
2, 1457671699.17, 98, 1, recieved, 0, 97
2, 1457671699.26, 99, 0, recieved, 0, 98
2, 1457671699.36, 101, 0, recieved, 0, 100
2, 1457671699.45, 102, 0, sent, 3
2, 1457671699.54, 105, 0, recieved, 0, 104
2, 1457671699.63, 106, 0, recieved, 0, 105
2, 1457671699.72, 107, 0, recieved, 0, 106
2, 1457671699.81, 108, 0, sent, 1
2, 1457671699.9, 109, 0, sent, 3
2, 1457671699.99, 110, 0, internal
2, 1457671700.08, 112, 0, recieved, 0, 111
2, 1457671700.17, 114, 0, recieved, 0, 113
2, 1457671700.27, 115, 0, internal
2, 1457671700.36, 116, 0, recieved, 0, 115
2, 1457671700.45, 117, 0, sent, 2
2, 1457671700.54, 118, 1, recieved, 0, 117
2, 1457671700.63, 119, 0, recieved, 0, 118
2, 1457671700.72, 120, 0, internal
2, 1457671700.81, 123, 0, recieved, 0, 122
2, 1457671700.9, 124, 0, recieved, 0, 123
2, 1457671700.99, 125, 0, recieved, 0, 124
2, 1457671701.08, 126, 0, recieved, 0, 125
2, 1457671701.17, 127, 0, recieved, 0, 126
2, 1457671701.27, 128, 0, internal
2, 1457671701.36, 129, 0, sent, 2
2, 1457671701.45, 131, 0, recieved, 0, 130
2, 1457671701.54, 132, 1, recieved, 0, 131
2, 1457671701.63, 133, 1, recieved, 0, 132
2, 1457671701.72, 134, 1, recieved, 0, 133
2, 1457671701.81, 135, 1, recieved, 0, 134
2, 1457671701.9, 136, 1, recieved, 0, 135
2, 1457671701.99, 138, 0, recieved, 0, 137
2, 1457671702.08, 140, 0, recieved, 0, 139
2, 1457671702.17, 141, 0, recieved, 0, 140
2, 1457671702.26, 142, 0, sent, 2
2, 1457671702.36, 143, 0, sent, 2
2, 1457671702.45, 145, 0, recieved, 0, 144
2, 1457671702.54, 146, 0, recieved, 0, 145
2, 1457671702.63, 147, 0, internal
2, 1457671702.72, 149, 0, recieved, 0, 148
2, 1457671702.81, 151, 0, recieved, 0, 150
2, 1457671702.9, 152, 0, recieved, 0, 151
2, 1457671702.99, 153, 0, internal
2, 1457671703.08, 154, 0, recieved, 0, 153
2, 1457671703.17, 155, 0, sent, 3
2, 1457671703.27, 156, 0, sent, 2
2, 1457671703.36, 158, 0, recieved, 0, 157
2, 1457671703.45, 159, 0, sent, 2
2, 1457671703.54, 160, 0, recieved, 0, 159
2, 1457671703.63, 161, 0, internal
2, 1457671703.72, 163, 0, recieved, 0, 162
2, 1457671703.81, 164, 0, recieved, 0, 163
2, 1457671703.9, 165, 0, sent, 2
2, 1457671703.99, 166, 0, sent, 2
2, 1457671704.08, 168, 0, recieved, 0, 167
2, 1457671704.17, 170, 0, recieved, 0, 169
2, 1457671704.26, 171, 0, internal
2, 1457671704.36, 172, 0, recieved, 0, 171
2, 1457671704.45, 173, 0, recieved, 0, 172
2, 1457671704.54, 174, 0, internal
2, 1457671704.63, 175, 0, internal
2, 1457671704.72, 176, 0, internal
2, 1457671704.81, 177, 0, sent, 2
2, 1457671704.9, 178, 0, sent, 1
2, 1457671704.99, 179, 0, sent, 1
2, 1457671705.08, 180, 0, sent, 3
2, 1457671705.17, 181, 0, internal
2, 1457671705.27, 182, 0, internal
2, 1457671705.36, 183, 0, internal
2, 1457671705.45, 187, 0, recieved, 0, 186
2, 1457671705.54, 188, 0, recieved, 0, 187
2, 1457671705.63, 189, 0, internal
2, 1457671705.72, 190, 0, sent, 2
2, 1457671705.81, 193, 0, recieved, 0, 192
2, 1457671705.9, 194, 0, recieved, 0, 193
2, 1457671705.99, 195, 0, sent, 3
2, 1457671706.08, 196, 0, sent, 2
2, 1457671706.17, 198, 1, recieved, 0, 197
2, 1457671706.27, 199, 1, recieved, 0, 198
2, 1457671706.36, 200, 1, recieved, 0, 199
2, 1457671706.45, 201, 0, recieved, 0, 200
2, 1457671706.54, 203, 0, recieved, 0, 202
2, 1457671706.63, 205, 0, recieved, 0, 204
2, 1457671706.72, 206, 0, sent, 1
2, 1457671706.81, 207, 0, sent, 1
2, 1457671706.9, 208, 0, sent, 1
2, 1457671706.99, 209, 0, sent, 3
2, 1457671707.08, 210, 0, sent, 3
2, 1457671707.17, 211, 0, sent, 3
2, 1457671707.27, 212, 0, sent, 1
2, 1457671707.36, 213, 0, sent, 2
2, 1457671707.45, 214, 0, internal
2, 1457671707.54, 219, 0, recieved, 0, 218
2, 1457671707.63, 220, 0, recieved, 0, 219
2, 1457671707.72, 221, 0, internal
2, 1457671707.81, 222, 1, recieved, 0, 221
2, 1457671707.9, 223, 1, recieved, 0, 222
2, 1457671707.99, 224, 1, recieved, 0, 223
2, 1457671708.08, 225, 0, recieved, 0, 224
2, 1457671708.17, 227, 1, recieved, 0, 226
2, 1457671708.26, 228, 0, recieved, 0, 227
2, 1457671708.36, 229, 0, sent, 1
2, 1457671708.45, 230, 0, sent, 2
2, 1457671708.54, 232, 1, recieved, 0, 231
2, 1457671708.63, 233, 0, recieved, 0, 232
2, 1457671708.72, 235, 0, recieved, 0, 234
2, 1457671708.81, 236, 1, recieved, 0, 235
2, 1457671708.9, 237, 0, recieved, 0, 236
2, 1457671708.99, 239, 0, recieved, 0, 238
2, 1457671709.08, 240, 0, sent, 3
2, 1457671709.17, 243, 0, recieved, 0, 242
2, 1457671709.26, 244, 0, sent, 2
2, 1457671709.36, 245, 0, recieved, 0, 244
2, 1457671709.45, 246, 0, sent, 1
2, 1457671709.54, 247, 0, sent, 3
2, 1457671709.63, 248, 0, sent, 2
2, 1457671709.72, 249, 0, internal
2, 1457671709.81, 253, 0, recieved, 0, 252
2, 1457671709.9, 254, 0, internal
2, 1457671709.99, 255, 0, sent, 1
2, 1457671710.08, 256, 0, sent, 1
2, 1457671710.17, 259, 0, recieved, 0, 258
2, 1457671710.26, 260, 0, internal
2, 1457671710.36, 261, 0, internal
2, 1457671710.45, 262, 0, recieved, 0, 261
2, 1457671710.54, 264, 0, recieved, 0, 263
2, 1457671710.63, 265, 0, sent, 3
2, 1457671710.72, 266, 0, internal
2, 1457671710.81, 269, 0, recieved, 0, 268
2, 1457671710.9, 270, 0, internal
2, 1457671710.99, 271, 0, internal
2, 1457671711.08, 272, 0, internal
2, 1457671711.17, 273, 0, internal
2, 1457671711.27, 274, 0, internal
2, 1457671711.36, 276, 0, recieved, 0, 275
2, 1457671711.45, 277, 0, sent, 2
2, 1457671711.54, 278, 0, recieved, 0, 277
2, 1457671711.63, 279, 0, internal
2, 1457671711.72, 280, 0, internal
2, 1457671711.81, 282, 0, recieved, 0, 281
2, 1457671711.9, 284, 0, recieved, 0, 283
2, 1457671711.99, 285, 0, internal
2, 1457671712.08, 286, 0, sent, 2
2, 1457671712.17, 287, 0, sent, 1
2, 1457671712.27, 288, 0, internal
2, 1457671712.36, 289, 0, sent, 2
2, 1457671712.45, 291, 0, recieved, 0, 290
2, 1457671712.54, 292, 0, sent, 3
2, 1457671712.63, 293, 0, internal
2, 1457671712.72, 295, 0, recieved, 0, 294
2, 1457671712.81, 296, 1, recieved, 0, 295
2, 1457671712.9, 297, 1, recieved, 0, 296
2, 1457671712.99, 298, 0, recieved, 0, 297
2, 1457671713.08, 300, 0, recieved, 0, 299
2, 1457671713.17, 302, 0, recieved, 0, 301
2, 1457671713.27, 303, 0, sent, 1
2, 1457671713.36, 304, 0, internal
2, 1457671713.45, 305, 0, sent, 3
2, 1457671713.54, 306, 0, sent, 1
2, 1457671713.63, 307, 0, sent, 1
2, 1457671713.72, 308, 0, sent, 3
2, 1457671713.81, 312, 0, recieved, 0, 311
2, 1457671713.9, 313, 0, recieved, 0, 312
2, 1457671713.99, 314, 0, internal
2, 1457671714.08, 315, 0, internal
2, 1457671714.17, 316, 0, recieved, 0, 315
2, 1457671714.26, 318, 0, recieved, 0, 317
2, 1457671714.36, 319, 0, sent, 2
2, 1457671714.45, 320, 0, internal
2, 1457671714.54, 322, 0, recieved, 0, 321
2, 1457671714.63, 323, 0, sent, 2
2, 1457671714.72, 324, 0, internal
2, 1457671714.81, 325, 0, sent, 3
2, 1457671714.9, 326, 0, internal
2, 1457671714.99, 327, 0, sent, 3
2, 1457671715.08, 328, 0, sent, 1
2, 1457671715.17, 331, 0, recieved, 0, 330
2, 1457671715.26, 332, 0, recieved, 0, 331
2, 1457671715.36, 333, 0, recieved, 0, 332
2, 1457671715.45, 334, 0, sent, 2
2, 1457671715.54, 336, 0, recieved, 0, 335
2, 1457671715.63, 337, 0, sent, 2
2, 1457671715.72, 338, 0, sent, 3
2, 1457671715.81, 339, 0, sent, 1
2, 1457671715.9, 340, 0, internal
2, 1457671715.99, 341, 0, internal
2, 1457671716.08, 344, 0, recieved, 0, 343
2, 1457671716.17, 346, 0, recieved, 0, 345
2, 1457671716.27, 347, 0, internal
2, 1457671716.36, 348, 0, sent, 2
2, 1457671716.45, 349, 0, internal
2, 1457671716.54, 350, 0, sent, 3
2, 1457671716.63, 351, 0, sent, 3
2, 1457671716.72, 352, 0, internal
2, 1457671716.81, 354, 1, recieved, 0, 353
2, 1457671716.9, 355, 0, recieved, 0, 354
2, 1457671716.99, 356, 0, sent, 1
2, 1457671717.08, 357, 0, sent, 1
2, 1457671717.17, 358, 0, internal
2, 1457671717.27, 359, 0, internal
2, 1457671717.36, 362, 0, recieved, 0, 361
2, 1457671717.45, 363, 0, internal
2, 1457671717.54, 364, 0, sent, 2
2, 1457671717.63, 366, 0, recieved, 0, 365
2, 1457671717.72, 367, 0, internal
2, 1457671717.81, 368, 0, internal
2, 1457671717.9, 370, 0, recieved, 0, 369
2, 1457671717.99, 371, 0, sent, 1
2, 1457671718.08, 372, 0, sent, 2
2, 1457671718.17, 373, 0, sent, 2
2, 1457671718.27, 374, 0, sent, 3
2, 1457671718.36, 375, 0, sent, 2
2, 1457671718.45, 376, 0, sent, 2
2, 1457671718.54, 379, 1, recieved, 0, 378
2, 1457671718.63, 380, 1, recieved, 0, 379
2, 1457671718.72, 381, 1, recieved, 0, 380
2, 1457671718.81, 382, 0, recieved, 0, 381
2, 1457671718.9, 383, 0, internal
2, 1457671718.99, 384, 0, internal
2, 1457671719.08, 385, 0, sent, 1
2, 1457671719.17, 386, 0, sent, 2
2, 1457671719.26, 390, 0, recieved, 0, 389
2, 1457671719.36, 391, 0, recieved, 0, 390
2, 1457671719.45, 392, 0, recieved, 0, 391
2, 1457671719.54, 393, 0, sent, 3
2, 1457671719.63, 394, 0, internal
2, 1457671719.72, 395, 0, internal
2, 1457671719.81, 397, 1, recieved, 0, 396
2, 1457671719.9, 398, 0, recieved, 0, 397
2, 1457671719.99, 400, 0, recieved, 0, 399
2, 1457671720.08, 401, 0, recieved, 0, 400
2, 1457671720.17, 402, 0, recieved, 0, 401
2, 1457671720.27, 404, 0, recieved, 0, 403
2, 1457671720.36, 405, 0, recieved, 0, 404
2, 1457671720.45, 406, 0, internal
2, 1457671720.54, 407, 0, recieved, 0, 406
2, 1457671720.63, 408, 0, internal
2, 1457671720.72, 410, 0, recieved, 0, 409
2, 1457671720.81, 412, 0, recieved, 0, 411
2, 1457671720.9, 413, 0, internal
2, 1457671720.99, 414, 0, recieved, 0, 413
2, 1457671721.08, 415, 0, sent, 3
2, 1457671721.17, 416, 0, sent, 2
2, 1457671721.26, 417, 0, sent, 1
2, 1457671721.36, 418, 0, internal
2, 1457671721.45, 421, 0, recieved, 0, 420
2, 1457671721.54, 423, 0, recieved, 0, 422
2, 1457671721.63, 424, 0, recieved, 0, 423
2, 1457671721.72, 425, 0, sent, 3
2, 1457671721.81, 426, 0, internal
2, 1457671721.9, 427, 0, sent, 1
2, 1457671721.99, 428, 0, sent, 3
2, 1457671722.08, 429, 0, internal
2, 1457671722.17, 432, 0, recieved, 0, 431
2, 1457671722.27, 434, 0, recieved, 0, 433
2, 1457671722.36, 435, 0, internal
2, 1457671722.45, 436, 0, sent, 1
2, 1457671722.54, 439, 0, recieved, 0, 438
2, 1457671722.63, 440, 0, sent, 2
2, 1457671722.72, 441, 0, internal
2, 1457671722.81, 442, 0, recieved, 0, 441
2, 1457671722.9, 443, 0, sent, 2
2, 1457671722.99, 445, 0, recieved, 0, 444
2, 1457671723.08, 446, 0, sent, 3
2, 1457671723.17, 447, 0, sent, 2
2, 1457671723.27, 448, 0, internal
2, 1457671723.36, 449, 0, internal
2, 1457671723.45, 450, 0, internal
2, 1457671723.54, 453, 0, recieved, 0, 452
2, 1457671723.63, 454, 0, sent, 1
2, 1457671723.72, 455, 0, internal
2, 1457671723.81, 457, 1, recieved, 0, 456
2, 1457671723.9, 458, 1, recieved, 0, 457
2, 1457671723.99, 459, 0, recieved, 0, 458
2, 1457671724.08, 460, 0, internal
2, 1457671724.17, 461, 0, internal
2, 1457671724.27, 464, 0, recieved, 0, 463
2, 1457671724.36, 465, 0, recieved, 0, 464
2, 1457671724.45, 466, 0, sent, 1
2, 1457671724.54, 469, 0, recieved, 0, 468
2, 1457671724.63, 470, 0, sent, 2
2, 1457671724.72, 471, 0, sent, 2
2, 1457671724.81, 473, 0, recieved, 0, 472
2, 1457671724.9, 474, 0, recieved, 0, 473
2, 1457671724.99, 475, 0, recieved, 0, 474
2, 1457671725.08, 476, 0, recieved, 0, 475
2, 1457671725.17, 477, 0, recieved, 0, 476
2, 1457671725.26, 478, 0, sent, 3
2, 1457671725.36, 479, 0, sent, 2
2, 1457671725.45, 480, 0, sent, 1
2, 1457671725.54, 483, 0, recieved, 0, 482
2, 1457671725.63, 484, 0, internal
2, 1457671725.72, 485, 0, sent, 3
2, 1457671725.81, 488, 0, recieved, 0, 487
2, 1457671725.9, 489, 0, recieved, 0, 488
2, 1457671725.99, 490, 0, recieved, 0, 489
2, 1457671726.08, 491, 0, recieved, 0, 490
2, 1457671726.17, 492, 0, recieved, 0, 491
2, 1457671726.26, 493, 0, internal
2, 1457671726.36, 494, 0, sent, 3
2, 1457671726.45, 495, 0, internal
2, 1457671726.54, 496, 0, internal
2, 1457671726.63, 499, 0, recieved, 0, 498
2, 1457671726.72, 500, 0, recieved, 0, 499
2, 1457671726.81, 501, 1, recieved, 0, 500
2, 1457671726.9, 502, 1, recieved, 0, 501
2, 1457671726.99, 503, 0, recieved, 0, 502
2, 1457671727.08, 505, 0, recieved, 0, 504
2, 1457671727.17, 506, 0, recieved, 0, 505
2, 1457671727.26, 508, 0, recieved, 0, 507
2, 1457671727.36, 509, 0, recieved, 0, 508
2, 1457671727.45, 510, 0, sent, 3
2, 1457671727.54, 511, 0, sent, 1
2, 1457671727.63, 512, 0, sent, 2
2, 1457671727.72, 513, 0, sent, 1
2, 1457671727.81, 517, 0, recieved, 0, 516
2, 1457671727.9, 518, 0, recieved, 0, 517
2, 1457671727.99, 519, 0, internal
2, 1457671728.08, 520, 0, recieved, 0, 519
2, 1457671728.17, 521, 0, recieved, 0, 520
2, 1457671728.26, 523, 0, recieved, 0, 522
2, 1457671728.36, 524, 0, recieved, 0, 523
2, 1457671728.45, 525, 0, recieved, 0, 524
2, 1457671728.54, 526, 1, recieved, 0, 525
2, 1457671728.63, 527, 1, recieved, 0, 526
2, 1457671728.72, 528, 0, recieved, 0, 527
2, 1457671728.81, 529, 0, sent, 1
2, 1457671728.9, 530, 0, sent, 1
2, 1457671728.99, 531, 0, internal
2, 1457671729.08, 532, 0, sent, 3
2, 1457671729.17, 536, 0, recieved, 0, 535
2, 1457671729.26, 537, 0, sent, 3
2, 1457671729.36, 538, 0, sent, 2
2, 1457671729.45, 540, 0, recieved, 0, 539
2, 1457671729.54, 541, 1, recieved, 0, 540
2, 1457671729.63, 542, 1, recieved, 0, 541
2, 1457671729.72, 543, 1, recieved, 0, 542
2, 1457671729.81, 544, 0, recieved, 0, 543
2, 1457671729.9, 545, 0, sent, 3
2, 1457671729.99, 546, 0, sent, 1
2, 1457671730.08, 547, 0, sent, 3
2, 1457671730.17, 548, 0, sent, 3
2, 1457671730.27, 549, 0, internal
2, 1457671730.36, 550, 0, sent, 2
2, 1457671730.45, 551, 0, sent, 1
2, 1457671730.54, 552, 0, sent, 2
2, 1457671730.63, 553, 0, sent, 2
2, 1457671730.72, 554, 0, sent, 1
2, 1457671730.81, 555, 0, sent, 3
2, 1457671730.9, 556, 0, sent, 3
2, 1457671730.99, 557, 0, internal
2, 1457671731.08, 563, 0, recieved, 0, 562
2, 1457671731.17, 564, 0, recieved, 0, 563
2, 1457671731.26, 566, 0, recieved, 0, 565
2, 1457671731.36, 567, 0, recieved, 0, 566
2, 1457671731.45, 568, 0, sent, 1
2, 1457671731.54, 569, 0, sent, 1
2, 1457671731.63, 570, 0, sent, 3
2, 1457671731.72, 571, 0, internal
2, 1457671731.81, 574, 0, recieved, 0, 573
2, 1457671731.9, 576, 0, recieved, 0, 575
2, 1457671731.99, 577, 0, sent, 1
2, 1457671732.08, 578, 0, sent, 3
2, 1457671732.17, 579, 0, sent, 1
2, 1457671732.27, 580, 0, internal
2, 1457671732.36, 583, 0, recieved, 0, 582
2, 1457671732.45, 584, 0, internal
2, 1457671732.54, 585, 0, sent, 3
2, 1457671732.63, 586, 0, internal
2, 1457671732.72, 588, 0, recieved, 0, 587
2, 1457671732.81, 589, 0, recieved, 0, 588
2, 1457671732.9, 590, 0, sent, 1
2, 1457671732.99, 591, 0, internal
2, 1457671733.08, 592, 0, internal
2, 1457671733.17, 593, 0, internal
2, 1457671733.27, 596, 0, recieved, 0, 595
2, 1457671733.36, 597, 0, sent, 3
2, 1457671733.45, 598, 0, internal
2, 1457671733.54, 599, 0, internal
2, 1457671733.63, 602, 0, recieved, 0, 601
2, 1457671733.72, 603, 0, internal
2, 1457671733.81, 604, 1, recieved, 0, 603
2, 1457671733.9, 605, 0, recieved, 0, 604
2, 1457671733.99, 607, 0, recieved, 0, 606
2, 1457671734.08, 608, 0, sent, 1
2, 1457671734.17, 611, 0, recieved, 0, 610
2, 1457671734.27, 612, 0, recieved, 0, 611
2, 1457671734.36, 613, 0, sent, 2
2, 1457671734.45, 614, 0, sent, 2
2, 1457671734.54, 615, 0, sent, 2
2, 1457671734.63, 617, 0, recieved, 0, 616
2, 1457671734.72, 618, 0, recieved, 0, 617
2, 1457671734.81, 619, 1, recieved, 0, 618
2, 1457671734.9, 620, 0, recieved, 0, 619
2, 1457671734.99, 622, 0, recieved, 0, 621
2, 1457671735.08, 623, 0, recieved, 0, 622
2, 1457671735.17, 624, 0, recieved, 0, 623
2, 1457671735.27, 626, 0, recieved, 0, 625
2, 1457671735.36, 627, 0, recieved, 0, 626
2, 1457671735.45, 628, 0, sent, 1
2, 1457671735.54, 631, 0, recieved, 0, 630
2, 1457671735.63, 632, 0, recieved, 0, 631
2, 1457671735.72, 633, 0, internal
2, 1457671735.81, 634, 0, recieved, 0, 633
2, 1457671735.9, 636, 0, recieved, 0, 635
2, 1457671735.99, 637, 0, internal
2, 1457671736.08, 638, 0, internal
2, 1457671736.17, 639, 0, internal
2, 1457671736.26, 640, 0, internal
2, 1457671736.36, 641, 0, internal
2, 1457671736.45, 643, 0, recieved, 0, 642
2, 1457671736.54, 644, 0, sent, 2
2, 1457671736.63, 646, 0, recieved, 0, 645
2, 1457671736.72, 647, 0, sent, 1
2, 1457671736.81, 648, 0, sent, 1
2, 1457671736.9, 649, 0, internal
2, 1457671736.99, 650, 0, sent, 1
2, 1457671737.08, 651, 0, sent, 1
2, 1457671737.17, 652, 0, sent, 3
2, 1457671737.27, 653, 0, internal
2, 1457671737.36, 657, 0, recieved, 0, 656
2, 1457671737.45, 658, 0, sent, 3
2, 1457671737.54, 659, 0, internal
2, 1457671737.63, 660, 0, internal
2, 1457671737.72, 663, 0, recieved, 0, 662
2, 1457671737.81, 664, 0, sent, 1
2, 1457671737.9, 665, 0, sent, 3
2, 1457671737.99, 666, 0, sent, 3
2, 1457671738.08, 667, 0, sent, 1
2, 1457671738.17, 668, 0, internal
2, 1457671738.26, 669, 0, internal
2, 1457671738.36, 670, 0, internal
2, 1457671738.45, 671, 0, sent, 2
2, 1457671738.54, 674, 0, recieved, 0, 673
2, 1457671738.63, 675, 0, sent, 2
2, 1457671738.72, 676, 0, sent, 1
2, 1457671738.81, 679, 0, recieved, 0, 678
2, 1457671738.9, 680, 0, sent, 2
2, 1457671738.99, 681, 0, sent, 1
2, 1457671739.08, 682, 0, sent, 3
2, 1457671739.17, 683, 0, sent, 2
2, 1457671739.27, 684, 0, internal
2, 1457671739.36, 685, 0, internal
2, 1457671739.45, 688, 0, recieved, 0, 687
2, 1457671739.54, 689, 0, internal
2, 1457671739.63, 691, 0, recieved, 0, 690
2, 1457671739.72, 692, 0, recieved, 0, 691
2, 1457671739.81, 693, 0, sent, 3
2, 1457671739.9, 694, 0, internal
2, 1457671739.99, 695, 0, sent, 3
2, 1457671740.08, 696, 0, internal
2, 1457671740.17, 698, 0, recieved, 0, 697
2, 1457671740.26, 699, 0, internal
2, 1457671740.36, 700, 0, sent, 2
2, 1457671740.45, 702, 0, recieved, 0, 701
2, 1457671740.54, 704, 0, recieved, 0, 703
2, 1457671740.63, 705, 0, internal
2, 1457671740.72, 706, 0, sent, 1
2, 1457671740.81, 707, 0, internal
2, 1457671740.9, 708, 0, internal
2, 1457671740.99, 709, 0, sent, 2
2, 1457671741.08, 710, 0, sent, 2
2, 1457671741.17, 714, 0, recieved, 0, 713
2, 1457671741.27, 715, 0, internal
2, 1457671741.36, 716, 0, recieved, 0, 715
2, 1457671741.45, 717, 0, sent, 1
2, 1457671741.54, 720, 0, recieved, 0, 719
2, 1457671741.63, 721, 0, sent, 1
2, 1457671741.72, 722, 0, internal
2, 1457671741.81, 723, 0, sent, 3
2, 1457671741.9, 724, 0, sent, 1
2, 1457671741.99, 725, 0, internal
2, 1457671742.08, 728, 0, recieved, 0, 727
2, 1457671742.17, 729, 0, internal
2, 1457671742.27, 731, 0, recieved, 0, 730
2, 1457671742.36, 732, 0, recieved, 0, 731
2, 1457671742.45, 733, 0, sent, 2
2, 1457671742.54, 735, 0, recieved, 0, 734
2, 1457671742.63, 736, 0, sent, 1
2, 1457671742.72, 737, 0, sent, 3
2, 1457671742.81, 738, 0, sent, 3
2, 1457671742.9, 739, 0, internal
2, 1457671742.99, 742, 0, recieved, 0, 741
2, 1457671743.08, 743, 0, recieved, 0, 742
2, 1457671743.17, 744, 0, sent, 1
2, 1457671743.27, 745, 0, internal
2, 1457671743.36, 747, 0, recieved, 0, 746
2, 1457671743.45, 748, 0, internal
2, 1457671743.54, 750, 0, recieved, 0, 749
2, 1457671743.63, 751, 0, sent, 2
2, 1457671743.72, 752, 0, recieved, 0, 751
2, 1457671743.81, 753, 0, sent, 1
2, 1457671743.9, 754, 0, internal
2, 1457671743.99, 755, 0, internal
2, 1457671744.08, 757, 0, recieved, 0, 756
2, 1457671744.17, 758, 1, recieved, 0, 757
2, 1457671744.27, 759, 0, recieved, 0, 758
2, 1457671744.36, 760, 0, sent, 1
2, 1457671744.45, 761, 0, internal
2, 1457671744.54, 763, 1, recieved, 0, 762
2, 1457671744.63, 764, 0, recieved, 0, 763
2, 1457671744.72, 766, 0, recieved, 0, 765
2, 1457671744.81, 767, 0, recieved, 0, 766
2, 1457671744.9, 768, 0, sent, 1
2, 1457671744.99, 769, 0, sent, 1
2, 1457671745.08, 770, 0, internal
2, 1457671745.17, 773, 0, recieved, 0, 772
2, 1457671745.26, 774, 0, recieved, 0, 773
2, 1457671745.36, 775, 0, sent, 1
2, 1457671745.45, 776, 0, internal
2, 1457671745.54, 778, 1, recieved, 0, 777
2, 1457671745.63, 779, 0, recieved, 0, 778
2, 1457671745.72, 780, 0, sent, 2
2, 1457671745.81, 781, 0, sent, 1
2, 1457671745.9, 782, 0, sent, 2
2, 1457671745.99, 785, 0, recieved, 0, 784
2, 1457671746.08, 786, 0, recieved, 0, 785
2, 1457671746.17, 787, 0, recieved, 0, 786
2, 1457671746.26, 788, 0, internal
2, 1457671746.36, 789, 0, sent, 1
2, 1457671746.45, 790, 0, internal
2, 1457671746.54, 793, 0, recieved, 0, 792
2, 1457671746.63, 794, 0, sent, 2
2, 1457671746.72, 795, 0, internal
2, 1457671746.81, 796, 1, recieved, 0, 795
2, 1457671746.9, 797, 1, recieved, 0, 796
2, 1457671746.99, 798, 0, recieved, 0, 797
2, 1457671747.08, 800, 0, recieved, 0, 799
2, 1457671747.17, 801, 0, sent, 1
2, 1457671747.27, 802, 0, sent, 2
2, 1457671747.36, 803, 0, sent, 2
2, 1457671747.45, 804, 0, sent, 1
2, 1457671747.54, 805, 0, internal
2, 1457671747.63, 806, 0, sent, 1
2, 1457671747.72, 807, 0, internal
2, 1457671747.81, 811, 0, recieved, 0, 810
2, 1457671747.9, 812, 0, sent, 1
2, 1457671747.99, 813, 0, sent, 2
2, 1457671748.08, 815, 0, recieved, 0, 814
2, 1457671748.17, 816, 1, recieved, 0, 815
2, 1457671748.27, 817, 1, recieved, 0, 816
2, 1457671748.36, 818, 0, recieved, 0, 817
2, 1457671748.45, 820, 0, recieved, 0, 819
2, 1457671748.54, 821, 0, sent, 1
2, 1457671748.63, 822, 0, internal
2, 1457671748.72, 824, 0, recieved, 0, 823
2, 1457671748.81, 825, 0, internal
2, 1457671748.9, 827, 0, recieved, 0, 826
2, 1457671748.99, 828, 0, sent, 1
2, 1457671749.08, 829, 0, sent, 2
2, 1457671749.17, 831, 0, recieved, 0, 830
2, 1457671749.27, 833, 0, recieved, 0, 832
2, 1457671749.36, 834, 0, recieved, 0, 833
2, 1457671749.45, 835, 0, internal
2, 1457671749.54, 836, 1, recieved, 0, 835
2, 1457671749.63, 837, 0, recieved, 0, 836
2, 1457671749.72, 838, 0, sent, 2
2, 1457671749.81, 840, 0, recieved, 0, 839
2, 1457671749.9, 842, 0, recieved, 0, 841
2, 1457671749.99, 843, 0, sent, 3
2, 1457671750.08, 844, 0, internal
2, 1457671750.17, 845, 0, sent, 3
2, 1457671750.27, 846, 0, sent, 2
2, 1457671750.36, 847, 0, internal
2, 1457671750.45, 850, 0, recieved, 0, 849
2, 1457671750.54, 852, 0, recieved, 0, 851
2, 1457671750.63, 853, 0, recieved, 0, 852
2, 1457671750.72, 854, 0, internal
2, 1457671750.81, 855, 0, internal
2, 1457671750.9, 856, 0, sent, 1
2, 1457671750.99, 857, 0, sent, 3
2, 1457671751.08, 858, 0, internal
2, 1457671751.17, 860, 0, recieved, 0, 859
2, 1457671751.27, 861, 0, sent, 3
2, 1457671751.36, 862, 0, sent, 1
2, 1457671751.45, 863, 0, sent, 3
2, 1457671751.54, 864, 0, sent, 1
2, 1457671751.63, 865, 0, internal
2, 1457671751.72, 866, 0, sent, 1
2, 1457671751.81, 867, 0, sent, 1
2, 1457671751.9, 868, 0, internal
2, 1457671751.99, 869, 0, internal
2, 1457671752.08, 870, 0, sent, 1
2, 1457671752.17, 871, 0, internal
2, 1457671752.26, 872, 0, sent, 3
2, 1457671752.36, 873, 0, internal
2, 1457671752.45, 878, 0, recieved, 0, 877
2, 1457671752.54, 879, 0, sent, 3
2, 1457671752.63, 880, 0, sent, 1
2, 1457671752.72, 881, 0, sent, 1
