0, 1457671572.18, 2, 0, sent, 3
0, 1457671572.42, 3, 1, recieved, 1, 2
0, 1457671572.67, 4, 0, recieved, 2, 2
0, 1457671572.92, 5, 0, sent, 3
0, 1457671573.17, 6, 0, sent, 2
0, 1457671573.42, 7, 0, sent, 1
0, 1457671573.67, 8, 0, internal
0, 1457671573.92, 9, 0, sent, 3
0, 1457671574.17, 10, 0, internal
0, 1457671574.42, 11, 0, sent, 2
0, 1457671574.67, 12, 0, internal
0, 1457671574.92, 13, 0, internal
0, 1457671575.17, 14, 0, sent, 1
0, 1457671575.42, 15, 0, internal
0, 1457671575.67, 16, 0, sent, 2
0, 1457671575.92, 17, 0, recieved, 1, 16
0, 1457671576.17, 18, 0, internal
0, 1457671576.42, 19, 0, recieved, 1, 17
0, 1457671576.67, 20, 0, sent, 2
0, 1457671576.92, 21, 0, recieved, 1, 18
0, 1457671577.17, 22, 0, sent, 3
0, 1457671577.42, 23, 0, sent, 1
0, 1457671577.67, 24, 0, sent, 3
0, 1457671577.92, 25, 0, sent, 1
0, 1457671578.17, 26, 0, internal
0, 1457671578.42, 27, 0, sent, 2
0, 1457671578.67, 28, 0, internal
0, 1457671578.92, 29, 0, sent, 1
0, 1457671579.17, 30, 0, sent, 1
0, 1457671579.42, 31, 0, recieved, 2, 29
0, 1457671579.67, 32, 0, sent, 1
0, 1457671579.92, 33, 0, sent, 3
0, 1457671580.17, 34, 0, sent, 3
0, 1457671580.42, 35, 0, sent, 1
0, 1457671580.67, 36, 0, sent, 2
0, 1457671580.92, 37, 0, internal
0, 1457671581.17, 38, 0, internal
0, 1457671581.42, 39, 0, sent, 2
0, 1457671581.67, 40, 0, internal
0, 1457671581.92, 41, 0, sent, 3
0, 1457671582.17, 42, 0, internal
0, 1457671582.42, 43, 0, internal
0, 1457671582.67, 44, 0, internal
0, 1457671582.92, 45, 0, internal
0, 1457671583.17, 46, 0, internal
0, 1457671583.42, 47, 1, recieved, 1, 43
0, 1457671583.67, 48, 0, recieved, 2, 44
0, 1457671583.92, 49, 0, sent, 1
0, 1457671584.17, 50, 0, sent, 3
0, 1457671584.42, 51, 0, internal
0, 1457671584.67, 52, 0, internal
0, 1457671584.92, 53, 0, recieved, 2, 52
0, 1457671585.17, 54, 0, sent, 1
0, 1457671585.42, 55, 0, recieved, 2, 53
0, 1457671585.67, 56, 0, internal
0, 1457671585.92, 57, 0, recieved, 2, 54
0, 1457671586.17, 58, 0, sent, 1
0, 1457671586.42, 59, 0, internal
0, 1457671586.67, 60, 0, internal
0, 1457671586.92, 61, 0, recieved, 2, 56
0, 1457671587.17, 62, 0, sent, 3
0, 1457671587.42, 63, 0, sent, 3
0, 1457671587.67, 64, 0, internal
0, 1457671587.92, 65, 0, internal
0, 1457671588.17, 66, 0, internal
0, 1457671588.42, 67, 0, recieved, 2, 65
0, 1457671588.67, 68, 0, internal
0, 1457671588.92, 69, 0, internal
0, 1457671589.17, 70, 0, internal
0, 1457671589.42, 71, 0, internal
0, 1457671589.67, 72, 0, sent, 2
0, 1457671589.92, 73, 0, sent, 1
0, 1457671590.17, 74, 0, sent, 1
0, 1457671590.42, 75, 0, recieved, 2, 74
0, 1457671590.67, 76, 0, internal
0, 1457671590.92, 77, 0, sent, 1
0, 1457671591.17, 78, 0, sent, 2
0, 1457671591.42, 79, 0, sent, 3
0, 1457671591.67, 80, 0, sent, 2
0, 1457671591.92, 81, 0, sent, 1
0, 1457671592.17, 82, 0, internal
0, 1457671592.42, 83, 0, sent, 3
0, 1457671592.67, 84, 0, sent, 3
0, 1457671592.92, 85, 0, internal
0, 1457671593.17, 86, 0, internal
0, 1457671593.42, 87, 0, sent, 2
0, 1457671593.67, 88, 0, sent, 1
0, 1457671593.92, 89, 0, internal
0, 1457671594.17, 90, 0, sent, 3
0, 1457671594.42, 91, 0, sent, 2
0, 1457671594.67, 92, 0, sent, 3
0, 1457671594.92, 93, 0, sent, 1
0, 1457671595.17, 94, 0, sent, 1
0, 1457671595.42, 95, 0, internal
0, 1457671595.67, 96, 0, sent, 3
0, 1457671595.92, 97, 0, internal
0, 1457671596.17, 98, 0, internal
0, 1457671596.42, 99, 0, recieved, 2, 98
0, 1457671596.67, 100, 0, internal
0, 1457671596.92, 101, 0, recieved, 2, 99
0, 1457671597.17, 102, 0, internal
0, 1457671597.42, 103, 0, recieved, 2, 100
0, 1457671597.67, 104, 0, sent, 2
0, 1457671597.92, 105, 0, sent, 2
0, 1457671598.17, 106, 0, sent, 3
0, 1457671598.42, 107, 0, recieved, 1, 102
0, 1457671598.67, 108, 0, sent, 1
0, 1457671598.92, 109, 0, sent, 3
0, 1457671599.17, 110, 0, internal
0, 1457671599.42, 111, 0, internal
0, 1457671599.67, 112, 0, internal
0, 1457671599.92, 113, 0, sent, 1
0, 1457671600.17, 114, 0, internal
0, 1457671600.42, 115, 0, sent, 1
0, 1457671600.67, 116, 0, internal
0, 1457671600.92, 117, 0, recieved, 2, 112
0, 1457671601.17, 118, 0, internal
0, 1457671601.42, 119, 0, sent, 2
0, 1457671601.67, 120, 0, sent, 3
0, 1457671601.92, 121, 0, sent, 3
0, 1457671602.17, 122, 0, sent, 2
0, 1457671602.42, 123, 0, sent, 3
0, 1457671602.67, 124, 0, sent, 2
0, 1457671602.92, 125, 0, internal
0, 1457671603.17, 126, 0, internal
0, 1457671603.42, 127, 0, sent, 1
0, 1457671603.67, 128, 0, internal
0, 1457671603.92, 129, 0, sent, 1
0, 1457671604.17, 130, 0, sent, 1
0, 1457671604.42, 131, 0, sent, 1
0, 1457671604.67, 132, 0, sent, 3
0, 1457671604.92, 133, 0, sent, 3
0, 1457671605.17, 134, 0, internal
0, 1457671605.42, 135, 0, internal
0, 1457671605.67, 136, 0, internal
0, 1457671605.92, 137, 0, recieved, 2, 135
0, 1457671606.17, 138, 0, sent, 2
0, 1457671606.42, 139, 0, sent, 2
0, 1457671606.67, 140, 0, sent, 1
0, 1457671606.92, 141, 0, internal
0, 1457671607.17, 142, 0, sent, 3
0, 1457671607.42, 143, 0, sent, 1
0, 1457671607.67, 144, 0, internal
0, 1457671607.92, 145, 0, recieved, 2, 144
0, 1457671608.17, 146, 0, sent, 3
0, 1457671608.42, 147, 0, internal
0, 1457671608.67, 148, 0, sent, 3
0, 1457671608.92, 149, 0, internal
0, 1457671609.17, 150, 0, sent, 1
0, 1457671609.42, 151, 0, internal
0, 1457671609.67, 152, 0, internal
0, 1457671609.92, 153, 0, recieved, 2, 151
0, 1457671610.17, 154, 0, sent, 2
0, 1457671610.42, 155, 0, sent, 3
0, 1457671610.67, 156, 0, internal
0, 1457671610.92, 157, 0, sent, 2
0, 1457671611.17, 158, 0, sent, 3
0, 1457671611.42, 159, 0, sent, 2
0, 1457671611.67, 160, 0, internal
0, 1457671611.92, 161, 0, sent, 1
0, 1457671612.17, 162, 0, internal
0, 1457671612.42, 163, 0, sent, 2
0, 1457671612.67, 164, 0, internal
0, 1457671612.92, 165, 0, recieved, 1, 163
0, 1457671613.17, 166, 0, sent, 3
0, 1457671613.42, 167, 0, sent, 1
0, 1457671613.67, 168, 0, sent, 1
0, 1457671613.92, 169, 0, internal
0, 1457671614.17, 170, 0, internal
0, 1457671614.42, 171, 0, internal
0, 1457671614.67, 172, 0, sent, 1
0, 1457671614.92, 173, 0, sent, 1
0, 1457671615.17, 174, 0, sent, 3
0, 1457671615.42, 175, 0, internal
0, 1457671615.67, 176, 0, sent, 3
0, 1457671615.92, 177, 0, sent, 3
0, 1457671616.17, 178, 0, sent, 3
0, 1457671616.42, 179, 0, internal
0, 1457671616.67, 180, 0, internal
0, 1457671616.92, 181, 0, sent, 1
0, 1457671617.17, 182, 0, internal
0, 1457671617.42, 183, 0, internal
0, 1457671617.67, 184, 0, internal
0, 1457671617.92, 185, 0, recieved, 2, 181
0, 1457671618.17, 186, 0, sent, 2
0, 1457671618.42, 187, 0, sent, 1
0, 1457671618.67, 188, 0, sent, 3
0, 1457671618.92, 189, 0, sent, 2
0, 1457671619.17, 190, 0, sent, 2
0, 1457671619.42, 191, 0, internal
0, 1457671619.67, 192, 0, internal
0, 1457671619.92, 193, 0, internal
0, 1457671620.17, 194, 0, sent, 1
0, 1457671620.42, 195, 0, recieved, 2, 192
0, 1457671620.67, 196, 0, internal
0, 1457671620.92, 197, 0, recieved, 2, 193
0, 1457671621.17, 198, 0, sent, 3
0, 1457671621.42, 199, 0, internal
0, 1457671621.67, 200, 0, internal
0, 1457671621.92, 201, 0, recieved, 2, 200
0, 1457671622.17, 202, 0, sent, 2
0, 1457671622.42, 203, 0, sent, 1
0, 1457671622.67, 204, 0, internal
0, 1457671622.92, 205, 0, sent, 1
0, 1457671623.17, 206, 0, internal
0, 1457671623.42, 207, 0, recieved, 2, 205
0, 1457671623.67, 208, 0, internal
0, 1457671623.92, 209, 0, internal
0, 1457671624.17, 210, 0, internal
0, 1457671624.42, 211, 0, recieved, 1, 208
0, 1457671624.67, 212, 0, sent, 1
0, 1457671624.92, 213, 0, recieved, 2, 208
0, 1457671625.17, 214, 0, internal
0, 1457671625.42, 215, 0, sent, 3
0, 1457671625.67, 216, 0, internal
0, 1457671625.92, 217, 0, sent, 1
0, 1457671626.17, 218, 0, sent, 3
0, 1457671626.42, 219, 0, sent, 3
0, 1457671626.67, 220, 0, sent, 2
0, 1457671626.92, 221, 0, internal
0, 1457671627.17, 222, 0, sent, 2
0, 1457671627.42, 223, 0, sent, 2
0, 1457671627.67, 224, 0, sent, 3
0, 1457671627.92, 225, 0, internal
0, 1457671628.17, 226, 0, sent, 2
0, 1457671628.42, 227, 0, sent, 2
0, 1457671628.67, 228, 0, sent, 2
0, 1457671628.92, 229, 0, recieved, 1, 226
0, 1457671629.17, 230, 0, sent, 2
0, 1457671629.42, 231, 0, recieved, 1, 227
0, 1457671629.67, 232, 0, sent, 1
0, 1457671629.92, 233, 0, sent, 3
0, 1457671630.17, 234, 0, sent, 2
0, 1457671630.42, 235, 0, sent, 1
0, 1457671630.67, 236, 0, internal
0, 1457671630.92, 237, 0, sent, 1
0, 1457671631.17, 238, 0, sent, 3
0, 1457671631.42, 239, 0, internal
0, 1457671631.67, 240, 0, sent, 1
0, 1457671631.92, 241, 0, sent, 3
1, 1457671572.18, 2, 0, sent, 3
1, 1457671572.67, 3, 1, recieved, 0, 2
1, 1457671573.17, 4, 1, recieved, 2, 2
1, 1457671573.67, 6, 1, recieved, 0, 5
1, 1457671574.18, 8, 1, recieved, 0, 7
1, 1457671574.67, 10, 0, recieved, 0, 9
1, 1457671575.17, 15, 0, recieved, 0, 14
1, 1457671575.67, 16, 0, sent, 1
1, 1457671576.17, 17, 0, sent, 3
1, 1457671576.67, 18, 0, sent, 3
1, 1457671577.17, 19, 0, internal
1, 1457671577.67, 23, 1, recieved, 0, 22
1, 1457671578.17, 24, 2, recieved, 0, 23
1, 1457671578.67, 25, 1, recieved, 0, 24
1, 1457671579.17, 26, 1, recieved, 0, 25
1, 1457671579.67, 30, 1, recieved, 0, 29
1, 1457671580.17, 31, 2, recieved, 0, 30
1, 1457671580.67, 33, 3, recieved, 0, 32
1, 1457671581.17, 34, 2, recieved, 0, 33
1, 1457671581.67, 35, 1, recieved, 0, 34
1, 1457671582.17, 36, 1, recieved, 0, 35
1, 1457671582.67, 42, 0, recieved, 0, 41
1, 1457671583.17, 43, 0, sent, 1
1, 1457671583.67, 44, 0, internal
1, 1457671584.17, 46, 1, recieved, 2, 45
1, 1457671584.67, 50, 1, recieved, 0, 49
1, 1457671585.17, 51, 2, recieved, 0, 50
1, 1457671585.68, 53, 2, recieved, 2, 52
1, 1457671586.17, 55, 1, recieved, 0, 54
1, 1457671586.68, 56, 2, recieved, 2, 53
1, 1457671587.17, 59, 2, recieved, 0, 58
1, 1457671587.67, 60, 3, recieved, 2, 55
1, 1457671588.17, 61, 2, recieved, 2, 56
1, 1457671588.67, 63, 1, recieved, 0, 62
1, 1457671589.17, 64, 0, recieved, 0, 63
1, 1457671589.67, 68, 0, recieved, 2, 67
1, 1457671590.17, 74, 0, recieved, 0, 73
1, 1457671590.67, 75, 1, recieved, 0, 74
1, 1457671591.17, 76, 1, recieved, 2, 74
1, 1457671591.68, 78, 1, recieved, 0, 77
1, 1457671592.17, 80, 1, recieved, 0, 79
1, 1457671592.67, 82, 1, recieved, 0, 81
1, 1457671593.17, 84, 1, recieved, 0, 83
1, 1457671593.67, 85, 0, recieved, 0, 84
1, 1457671594.17, 89, 0, recieved, 0, 88
1, 1457671594.67, 91, 0, recieved, 0, 90
1, 1457671595.18, 93, 2, recieved, 0, 92
1, 1457671595.67, 94, 2, recieved, 0, 93
1, 1457671596.18, 95, 1, recieved, 0, 94
1, 1457671596.67, 97, 0, recieved, 0, 96
1, 1457671597.17, 100, 0, recieved, 2, 99
1, 1457671597.67, 101, 0, internal
1, 1457671598.17, 102, 0, sent, 3
1, 1457671598.67, 107, 0, recieved, 0, 106
1, 1457671599.18, 109, 1, recieved, 0, 108
1, 1457671599.67, 110, 0, recieved, 0, 109
1, 1457671600.17, 114, 0, recieved, 0, 113
1, 1457671600.68, 116, 0, recieved, 0, 115
1, 1457671601.17, 117, 0, internal
1, 1457671601.67, 118, 0, internal
1, 1457671602.17, 121, 1, recieved, 0, 120
1, 1457671602.67, 122, 1, recieved, 0, 121
1, 1457671603.17, 124, 0, recieved, 0, 123
1, 1457671603.67, 128, 0, recieved, 0, 127
1, 1457671604.17, 130, 1, recieved, 0, 129
1, 1457671604.67, 131, 1, recieved, 0, 130
1, 1457671605.17, 132, 2, recieved, 0, 131
1, 1457671605.67, 133, 1, recieved, 0, 132
1, 1457671606.17, 134, 1, recieved, 0, 133
1, 1457671606.67, 136, 0, recieved, 2, 135
1, 1457671607.17, 141, 0, recieved, 0, 140
1, 1457671607.68, 143, 1, recieved, 0, 142
1, 1457671608.17, 144, 1, recieved, 0, 143
1, 1457671608.68, 145, 2, recieved, 2, 144
1, 1457671609.18, 147, 2, recieved, 0, 146
1, 1457671609.67, 149, 1, recieved, 0, 148
1, 1457671610.17, 151, 0, recieved, 0, 150
1, 1457671610.67, 156, 0, recieved, 0, 155
1, 1457671611.17, 157, 0, internal
1, 1457671611.67, 159, 0, recieved, 0, 158
1, 1457671612.17, 162, 0, recieved, 0, 161
1, 1457671612.67, 163, 0, sent, 1
1, 1457671613.17, 164, 0, internal
1, 1457671613.68, 167, 2, recieved, 0, 166
1, 1457671614.17, 168, 2, recieved, 0, 167
1, 1457671614.67, 169, 1, recieved, 0, 168
1, 1457671615.18, 170, 3, recieved, 2, 168
1, 1457671615.67, 173, 3, recieved, 0, 172
1, 1457671616.17, 174, 4, recieved, 0, 173
1, 1457671616.67, 175, 3, recieved, 0, 174
1, 1457671617.17, 177, 3, recieved, 0, 176
1, 1457671617.67, 178, 2, recieved, 0, 177
1, 1457671618.17, 179, 2, recieved, 0, 178
1, 1457671618.67, 182, 2, recieved, 0, 181
1, 1457671619.18, 183, 2, recieved, 2, 181
1, 1457671619.67, 188, 1, recieved, 0, 187
1, 1457671620.18, 189, 1, recieved, 0, 188
1, 1457671620.67, 195, 0, recieved, 0, 194
1, 1457671621.17, 196, 0, recieved, 2, 193
1, 1457671621.68, 199, 0, recieved, 0, 198
1, 1457671622.17, 201, 0, recieved, 2, 200
1, 1457671622.68, 204, 0, recieved, 0, 203
1, 1457671623.17, 206, 0, recieved, 0, 205
1, 1457671623.68, 207, 0, recieved, 2, 205
1, 1457671624.17, 208, 0, sent, 1
1, 1457671624.68, 209, 1, recieved, 2, 207
1, 1457671625.17, 213, 1, recieved, 0, 212
1, 1457671625.67, 214, 1, recieved, 2, 208
1, 1457671626.17, 216, 1, recieved, 0, 215
1, 1457671626.67, 218, 2, recieved, 0, 217
1, 1457671627.17, 219, 1, recieved, 0, 218
1, 1457671627.67, 220, 0, recieved, 0, 219
1, 1457671628.17, 225, 0, recieved, 0, 224
1, 1457671628.68, 226, 0, sent, 3
1, 1457671629.17, 227, 0, sent, 3
1, 1457671629.67, 228, 0, sent, 2
1, 1457671630.18, 233, 1, recieved, 0, 232
1, 1457671630.67, 234, 1, recieved, 0, 233
1, 1457671631.17, 236, 1, recieved, 0, 235
1, 1457671631.67, 238, 2, recieved, 0, 237
2, 1457671572.18, 2, 0, sent, 3
2, 1457671572.68, 3, 1, recieved, 0, 2
2, 1457671573.18, 4, 2, recieved, 1, 2
2, 1457671573.68, 6, 1, recieved, 0, 5
2, 1457671574.18, 7, 1, recieved, 0, 6
2, 1457671574.68, 10, 1, recieved, 0, 9
2, 1457671575.18, 12, 0, recieved, 0, 11
2, 1457671575.68, 17, 0, recieved, 0, 16
2, 1457671576.18, 18, 0, recieved, 1, 17
2, 1457671576.68, 21, 1, recieved, 0, 20
2, 1457671577.18, 22, 1, recieved, 1, 18
2, 1457671577.68, 23, 1, recieved, 0, 22
2, 1457671578.18, 25, 0, recieved, 0, 24
2, 1457671578.68, 28, 0, recieved, 0, 27
2, 1457671579.18, 29, 0, sent, 1
2, 1457671579.68, 30, 0, internal
2, 1457671580.18, 34, 1, recieved, 0, 33
2, 1457671580.68, 35, 1, recieved, 0, 34
2, 1457671581.18, 37, 0, recieved, 0, 36
2, 1457671581.68, 40, 0, recieved, 0, 39
2, 1457671582.18, 42, 0, recieved, 0, 41
2, 1457671582.68, 43, 0, internal
2, 1457671583.18, 44, 0, sent, 1
2, 1457671583.68, 45, 0, sent, 2
2, 1457671584.18, 51, 0, recieved, 0, 50
2, 1457671584.68, 52, 0, sent, 3
2, 1457671585.18, 53, 0, sent, 3
2, 1457671585.68, 54, 0, sent, 1
2, 1457671586.18, 55, 0, sent, 2
2, 1457671586.68, 56, 0, sent, 3
2, 1457671587.18, 63, 0, recieved, 0, 62
2, 1457671587.68, 64, 0, recieved, 0, 63
2, 1457671588.18, 65, 0, sent, 1
2, 1457671588.68, 66, 0, internal
2, 1457671589.18, 67, 0, sent, 2
2, 1457671589.68, 73, 0, recieved, 0, 72
2, 1457671590.18, 74, 0, sent, 3
2, 1457671590.68, 75, 0, internal
2, 1457671591.18, 79, 0, recieved, 0, 78
2, 1457671591.68, 80, 1, recieved, 0, 79
2, 1457671592.18, 81, 0, recieved, 0, 80
2, 1457671592.68, 84, 1, recieved, 0, 83
2, 1457671593.18, 85, 0, recieved, 0, 84
2, 1457671593.68, 88, 0, recieved, 0, 87
2, 1457671594.18, 91, 0, recieved, 0, 90
2, 1457671594.68, 92, 1, recieved, 0, 91
2, 1457671595.18, 93, 0, recieved, 0, 92
2, 1457671595.68, 97, 0, recieved, 0, 96
2, 1457671596.18, 98, 0, sent, 1
2, 1457671596.68, 99, 0, sent, 3
2, 1457671597.18, 100, 0, sent, 1
2, 1457671597.68, 105, 0, recieved, 0, 104
2, 1457671598.18, 106, 2, recieved, 0, 105
2, 1457671598.68, 107, 1, recieved, 0, 106
2, 1457671599.18, 108, 1, recieved, 1, 102
2, 1457671599.68, 110, 0, recieved, 0, 109
2, 1457671600.18, 111, 0, internal
2, 1457671600.68, 112, 0, sent, 1
2, 1457671601.18, 113, 0, internal
2, 1457671601.68, 120, 1, recieved, 0, 119
2, 1457671602.18, 121, 2, recieved, 0, 120
2, 1457671602.68, 122, 3, recieved, 0, 121
2, 1457671603.18, 123, 2, recieved, 0, 122
2, 1457671603.68, 124, 1, recieved, 0, 123
2, 1457671604.18, 125, 0, recieved, 0, 124
2, 1457671604.68, 133, 0, recieved, 0, 132
2, 1457671605.18, 134, 0, recieved, 0, 133
2, 1457671605.68, 135, 0, sent, 3
2, 1457671606.18, 139, 0, recieved, 0, 138
2, 1457671606.68, 140, 0, recieved, 0, 139
2, 1457671607.18, 143, 0, recieved, 0, 142
2, 1457671607.68, 144, 0, sent, 3
2, 1457671608.18, 147, 0, recieved, 0, 146
2, 1457671608.68, 149, 0, recieved, 0, 148
2, 1457671609.18, 150, 0, internal
2, 1457671609.68, 151, 0, sent, 1
2, 1457671610.18, 155, 0, recieved, 0, 154
2, 1457671610.68, 156, 0, recieved, 0, 155
2, 1457671611.18, 158, 1, recieved, 0, 157
2, 1457671611.68, 159, 1, recieved, 0, 158
2, 1457671612.18, 160, 0, recieved, 0, 159
2, 1457671612.68, 164, 0, recieved, 0, 163
2, 1457671613.18, 167, 0, recieved, 0, 166
2, 1457671613.68, 168, 0, sent, 2
2, 1457671614.18, 169, 0, internal
2, 1457671614.68, 170, 0, internal
2, 1457671615.18, 175, 0, recieved, 0, 174
2, 1457671615.68, 177, 0, recieved, 0, 176
2, 1457671616.18, 178, 1, recieved, 0, 177
2, 1457671616.68, 179, 0, recieved, 0, 178
2, 1457671617.18, 180, 0, internal
2, 1457671617.68, 181, 0, sent, 3
2, 1457671618.18, 187, 0, recieved, 0, 186
2, 1457671618.68, 189, 0, recieved, 0, 188
2, 1457671619.18, 190, 1, recieved, 0, 189
2, 1457671619.68, 191, 0, recieved, 0, 190
2, 1457671620.18, 192, 0, sent, 1
2, 1457671620.68, 193, 0, sent, 3
2, 1457671621.18, 199, 0, recieved, 0, 198
2, 1457671621.68, 200, 0, sent, 3
2, 1457671622.18, 203, 0, recieved, 0, 202
2, 1457671622.68, 204, 0, internal
2, 1457671623.18, 205, 0, sent, 3
2, 1457671623.68, 206, 0, internal
2, 1457671624.18, 207, 0, sent, 2
2, 1457671624.68, 208, 0, sent, 3
2, 1457671625.18, 209, 0, internal
2, 1457671625.68, 216, 0, recieved, 0, 215
2, 1457671626.18, 219, 0, recieved, 0, 218
2, 1457671626.68, 220, 1, recieved, 0, 219
2, 1457671627.18, 221, 1, recieved, 0, 220
2, 1457671627.68, 223, 2, recieved, 0, 222
2, 1457671628.18, 224, 2, recieved, 0, 223
2, 1457671628.68, 225, 4, recieved, 0, 224
2, 1457671629.18, 227, 5, recieved, 0, 226
2, 1457671629.68, 228, 5, recieved, 0, 227
2, 1457671630.18, 229, 6, recieved, 0, 228
2, 1457671630.68, 230, 5, recieved, 1, 226
2, 1457671631.18, 231, 5, recieved, 0, 230
2, 1457671631.68, 232, 4, recieved, 1, 227
