0, 1457670908.73, 2, 0, internal
0, 1457670908.98, 3, 0, recieved, 1, 2
0, 1457670909.23, 5, 0, recieved, 1, 4
0, 1457670909.48, 6, 0, recieved, 2, 5
0, 1457670909.73, 7, 0, sent, 1
0, 1457670909.98, 9, 0, recieved, 2, 8
0, 1457670910.23, 10, 0, sent, 2
0, 1457670910.48, 12, 0, recieved, 1, 11
0, 1457670910.73, 13, 0, sent, 2
0, 1457670910.98, 14, 1, recieved, 1, 13
0, 1457670911.23, 15, 0, recieved, 1, 14
0, 1457670911.48, 16, 0, internal
0, 1457670911.73, 20, 0, recieved, 2, 19
0, 1457670911.98, 21, 0, recieved, 1, 19
0, 1457670912.23, 22, 0, recieved, 1, 20
0, 1457670912.48, 23, 0, internal
0, 1457670912.73, 24, 0, internal
0, 1457670912.98, 25, 1, recieved, 1, 23
0, 1457670913.23, 26, 0, recieved, 1, 24
0, 1457670913.48, 27, 0, internal
0, 1457670913.73, 28, 0, internal
0, 1457670913.98, 33, 0, recieved, 2, 32
0, 1457670914.23, 34, 0, sent, 1
0, 1457670914.48, 35, 0, internal
0, 1457670914.73, 36, 0, internal
0, 1457670914.98, 39, 1, recieved, 2, 38
0, 1457670915.23, 40, 0, recieved, 1, 38
0, 1457670915.48, 42, 0, recieved, 1, 41
0, 1457670915.73, 43, 0, internal
0, 1457670915.98, 45, 0, recieved, 1, 44
0, 1457670916.23, 46, 0, sent, 3
0, 1457670916.48, 47, 0, internal
0, 1457670916.73, 48, 0, internal
0, 1457670916.98, 52, 0, recieved, 1, 51
0, 1457670917.23, 53, 0, recieved, 2, 52
0, 1457670917.48, 54, 0, internal
0, 1457670917.73, 55, 0, internal
0, 1457670917.98, 56, 0, internal
0, 1457670918.23, 57, 0, internal
0, 1457670918.48, 58, 0, sent, 3
0, 1457670918.73, 59, 0, internal
0, 1457670918.98, 63, 1, recieved, 1, 62
0, 1457670919.23, 64, 0, recieved, 2, 63
0, 1457670919.48, 66, 0, recieved, 2, 65
0, 1457670919.73, 67, 0, sent, 2
0, 1457670919.98, 68, 0, internal
0, 1457670920.23, 69, 0, sent, 3
0, 1457670920.48, 70, 0, internal
0, 1457670920.73, 73, 0, recieved, 1, 72
0, 1457670920.98, 74, 0, sent, 2
0, 1457670921.23, 76, 0, recieved, 1, 75
0, 1457670921.48, 78, 0, recieved, 2, 77
0, 1457670921.73, 79, 0, internal
0, 1457670921.98, 80, 0, internal
0, 1457670922.23, 81, 0, internal
0, 1457670922.48, 84, 1, recieved, 2, 83
0, 1457670922.73, 85, 0, recieved, 2, 84
0, 1457670922.98, 88, 0, recieved, 2, 87
0, 1457670923.23, 90, 0, recieved, 1, 89
0, 1457670923.48, 91, 0, sent, 1
0, 1457670923.73, 92, 0, sent, 2
0, 1457670923.98, 93, 0, internal
0, 1457670924.23, 94, 0, internal
0, 1457670924.48, 95, 0, internal
0, 1457670924.73, 99, 0, recieved, 1, 98
0, 1457670924.98, 100, 0, recieved, 1, 99
0, 1457670925.23, 102, 0, recieved, 1, 101
0, 1457670925.48, 103, 0, internal
0, 1457670925.73, 104, 0, internal
0, 1457670925.98, 105, 0, internal
0, 1457670926.23, 106, 0, sent, 2
0, 1457670926.48, 107, 0, internal
0, 1457670926.73, 108, 0, sent, 2
0, 1457670926.98, 109, 0, internal
0, 1457670927.23, 110, 0, internal
0, 1457670927.48, 116, 0, recieved, 2, 115
0, 1457670927.73, 117, 0, sent, 3
0, 1457670927.98, 118, 0, internal
0, 1457670928.23, 119, 0, internal
0, 1457670928.48, 120, 0, internal
0, 1457670928.73, 121, 0, internal
0, 1457670928.98, 127, 0, recieved, 2, 126
0, 1457670929.23, 128, 0, internal
0, 1457670929.48, 129, 0, recieved, 2, 128
0, 1457670929.73, 130, 0, sent, 1
0, 1457670929.98, 131, 0, internal
0, 1457670930.23, 132, 0, sent, 2
0, 1457670930.48, 133, 0, sent, 2
0, 1457670930.73, 134, 0, internal
0, 1457670930.98, 135, 0, internal
0, 1457670931.23, 136, 0, internal
0, 1457670931.48, 137, 0, internal
0, 1457670931.73, 141, 0, recieved, 1, 140
0, 1457670931.98, 145, 0, recieved, 2, 144
0, 1457670932.23, 146, 0, sent, 3
0, 1457670932.48, 147, 0, internal
0, 1457670932.73, 149, 0, recieved, 2, 148
0, 1457670932.98, 150, 0, sent, 1
0, 1457670933.23, 151, 0, internal
0, 1457670933.48, 152, 0, internal
0, 1457670933.73, 154, 0, recieved, 1, 153
0, 1457670933.98, 155, 0, internal
0, 1457670934.23, 156, 0, sent, 3
0, 1457670934.48, 157, 0, sent, 3
0, 1457670934.73, 158, 0, internal
0, 1457670934.98, 162, 0, recieved, 2, 161
0, 1457670935.23, 164, 0, recieved, 1, 163
0, 1457670935.48, 165, 0, internal
0, 1457670935.73, 167, 0, recieved, 2, 166
0, 1457670935.98, 168, 1, recieved, 2, 167
0, 1457670936.23, 169, 1, recieved, 2, 168
0, 1457670936.48, 170, 1, recieved, 2, 169
0, 1457670936.73, 171, 0, recieved, 1, 170
0, 1457670936.98, 175, 0, recieved, 2, 174
0, 1457670937.23, 176, 0, sent, 1
0, 1457670937.48, 177, 0, internal
0, 1457670937.73, 179, 1, recieved, 1, 178
0, 1457670937.98, 180, 1, recieved, 2, 178
0, 1457670938.23, 181, 0, recieved, 1, 179
0, 1457670938.48, 182, 0, sent, 3
0, 1457670938.73, 183, 0, internal
0, 1457670938.98, 184, 0, internal
0, 1457670939.23, 185, 0, internal
0, 1457670939.48, 186, 0, internal
0, 1457670939.73, 187, 0, internal
0, 1457670939.98, 192, 0, recieved, 2, 191
0, 1457670940.23, 194, 0, recieved, 2, 193
0, 1457670940.48, 195, 0, recieved, 2, 194
0, 1457670940.73, 196, 0, sent, 3
0, 1457670940.98, 198, 0, recieved, 2, 197
0, 1457670941.23, 200, 0, recieved, 2, 199
0, 1457670941.48, 202, 0, recieved, 2, 201
0, 1457670941.73, 203, 0, sent, 3
0, 1457670941.98, 204, 0, recieved, 2, 203
0, 1457670942.23, 205, 0, internal
0, 1457670942.48, 206, 0, internal
0, 1457670942.73, 207, 0, internal
0, 1457670942.98, 211, 0, recieved, 2, 210
0, 1457670943.23, 212, 0, internal
0, 1457670943.48, 213, 0, sent, 1
0, 1457670943.73, 214, 0, sent, 1
0, 1457670943.98, 215, 0, internal
0, 1457670944.23, 216, 0, sent, 1
0, 1457670944.48, 217, 0, internal
0, 1457670944.73, 218, 0, internal
0, 1457670944.98, 222, 0, recieved, 2, 221
0, 1457670945.23, 223, 0, internal
0, 1457670945.48, 225, 0, recieved, 1, 224
0, 1457670945.73, 226, 0, recieved, 1, 225
0, 1457670945.98, 227, 1, recieved, 1, 226
0, 1457670946.23, 228, 0, recieved, 1, 227
0, 1457670946.48, 229, 0, sent, 3
0, 1457670946.73, 230, 0, internal
0, 1457670946.98, 234, 1, recieved, 2, 233
0, 1457670947.23, 235, 0, recieved, 1, 232
0, 1457670947.48, 237, 0, recieved, 2, 236
0, 1457670947.73, 238, 0, internal
0, 1457670947.98, 239, 0, internal
0, 1457670948.23, 242, 0, recieved, 1, 241
0, 1457670948.48, 243, 0, sent, 3
0, 1457670948.73, 244, 0, internal
0, 1457670948.98, 247, 0, recieved, 1, 246
0, 1457670949.23, 248, 0, internal
0, 1457670949.48, 249, 0, sent, 3
0, 1457670949.73, 250, 0, internal
0, 1457670949.98, 251, 0, sent, 3
0, 1457670950.23, 252, 0, internal
0, 1457670950.48, 253, 0, internal
0, 1457670950.73, 254, 0, internal
0, 1457670950.98, 255, 0, internal
0, 1457670951.23, 256, 0, sent, 2
0, 1457670951.48, 257, 0, internal
0, 1457670951.73, 258, 0, internal
0, 1457670951.98, 264, 0, recieved, 2, 263
0, 1457670952.23, 265, 0, internal
0, 1457670952.48, 266, 0, sent, 1
0, 1457670952.73, 267, 0, internal
0, 1457670952.98, 268, 0, sent, 3
0, 1457670953.23, 269, 0, internal
0, 1457670953.48, 270, 0, internal
0, 1457670953.73, 271, 0, internal
0, 1457670953.98, 272, 0, internal
0, 1457670954.23, 273, 0, sent, 1
0, 1457670954.48, 280, 1, recieved, 2, 279
0, 1457670954.73, 281, 1, recieved, 2, 280
0, 1457670954.98, 282, 2, recieved, 2, 281
0, 1457670955.23, 283, 1, recieved, 1, 282
0, 1457670955.48, 284, 0, recieved, 1, 283
0, 1457670955.73, 285, 0, internal
0, 1457670955.98, 288, 0, recieved, 1, 287
0, 1457670956.23, 289, 0, internal
0, 1457670956.48, 291, 0, recieved, 1, 290
0, 1457670956.73, 292, 0, internal
0, 1457670956.98, 295, 0, recieved, 2, 294
0, 1457670957.23, 296, 0, internal
0, 1457670957.48, 297, 0, internal
0, 1457670957.73, 298, 0, internal
0, 1457670957.98, 299, 0, sent, 2
0, 1457670958.23, 300, 0, internal
0, 1457670958.48, 301, 0, internal
0, 1457670958.73, 302, 0, internal
0, 1457670958.98, 303, 0, internal
0, 1457670959.23, 304, 0, sent, 3
0, 1457670959.48, 305, 0, internal
0, 1457670959.73, 310, 1, recieved, 1, 309
0, 1457670959.98, 312, 0, recieved, 2, 311
0, 1457670960.23, 313, 0, internal
0, 1457670960.48, 316, 0, recieved, 1, 315
0, 1457670960.73, 317, 0, recieved, 1, 316
0, 1457670960.98, 318, 0, internal
0, 1457670961.23, 320, 0, recieved, 1, 319
0, 1457670961.48, 323, 0, recieved, 2, 322
0, 1457670961.73, 324, 0, recieved, 1, 321
0, 1457670961.98, 326, 0, recieved, 2, 325
0, 1457670962.23, 327, 0, recieved, 1, 324
0, 1457670962.48, 328, 0, recieved, 2, 327
0, 1457670962.73, 329, 0, internal
0, 1457670962.98, 330, 0, recieved, 1, 327
0, 1457670963.23, 331, 0, sent, 1
0, 1457670963.48, 334, 1, recieved, 2, 333
0, 1457670963.73, 335, 0, recieved, 2, 334
0, 1457670963.98, 336, 0, internal
0, 1457670964.23, 337, 0, internal
0, 1457670964.48, 338, 0, sent, 2
0, 1457670964.73, 339, 0, internal
0, 1457670964.98, 344, 0, recieved, 2, 343
0, 1457670965.23, 345, 0, recieved, 2, 344
0, 1457670965.48, 346, 0, recieved, 2, 345
0, 1457670965.73, 348, 0, recieved, 1, 347
0, 1457670965.98, 349, 0, recieved, 2, 348
0, 1457670966.23, 351, 0, recieved, 1, 350
0, 1457670966.48, 352, 0, sent, 2
0, 1457670966.73, 353, 0, internal
0, 1457670966.98, 354, 0, recieved, 1, 353
0, 1457670967.23, 355, 0, internal
0, 1457670967.48, 356, 0, internal
0, 1457670967.73, 357, 0, internal
0, 1457670967.98, 358, 0, sent, 3
0, 1457670968.23, 359, 0, internal
0, 1457670968.48, 360, 0, internal
1, 1457670908.73, 2, 0, sent, 3
1, 1457670908.93, 3, 0, internal
1, 1457670909.13, 4, 0, sent, 1
1, 1457670909.33, 5, 0, internal
1, 1457670909.53, 6, 0, internal
1, 1457670909.73, 7, 0, internal
1, 1457670909.93, 9, 1, recieved, 2, 8
1, 1457670910.13, 10, 0, recieved, 0, 7
1, 1457670910.33, 11, 0, sent, 3
1, 1457670910.53, 12, 0, internal
1, 1457670910.73, 13, 0, sent, 3
1, 1457670910.93, 14, 0, sent, 3
1, 1457670911.13, 15, 0, internal
1, 1457670911.33, 16, 0, internal
1, 1457670911.53, 17, 0, internal
1, 1457670911.73, 18, 0, sent, 2
1, 1457670911.93, 19, 0, sent, 1
1, 1457670912.13, 20, 0, sent, 1
1, 1457670912.33, 21, 0, internal
1, 1457670912.53, 22, 0, internal
1, 1457670912.73, 23, 0, sent, 1
1, 1457670912.93, 24, 0, sent, 3
1, 1457670913.13, 25, 0, internal
1, 1457670913.33, 26, 0, internal
1, 1457670913.53, 27, 0, internal
1, 1457670913.73, 28, 0, internal
1, 1457670913.93, 33, 1, recieved, 2, 32
1, 1457670914.13, 34, 0, recieved, 2, 33
1, 1457670914.33, 36, 1, recieved, 2, 35
1, 1457670914.53, 37, 0, recieved, 0, 34
1, 1457670914.73, 38, 0, sent, 3
1, 1457670914.93, 39, 0, recieved, 2, 38
1, 1457670915.13, 40, 0, internal
1, 1457670915.33, 41, 0, sent, 3
1, 1457670915.53, 42, 0, internal
1, 1457670915.73, 43, 0, sent, 2
1, 1457670915.93, 44, 0, sent, 1
1, 1457670916.13, 47, 0, recieved, 2, 46
1, 1457670916.33, 48, 0, recieved, 0, 46
1, 1457670916.53, 49, 0, internal
1, 1457670916.73, 50, 0, internal
1, 1457670916.93, 51, 0, sent, 1
1, 1457670917.13, 52, 0, sent, 2
1, 1457670917.33, 53, 0, internal
1, 1457670917.53, 54, 0, internal
1, 1457670917.73, 55, 0, internal
1, 1457670917.93, 56, 0, internal
1, 1457670918.13, 59, 0, recieved, 2, 58
1, 1457670918.33, 60, 0, internal
1, 1457670918.53, 61, 0, recieved, 0, 58
1, 1457670918.73, 62, 0, sent, 1
1, 1457670918.93, 64, 0, recieved, 2, 63
1, 1457670919.13, 65, 0, internal
1, 1457670919.33, 66, 0, recieved, 2, 65
1, 1457670919.53, 67, 0, internal
1, 1457670919.73, 68, 0, internal
1, 1457670919.93, 69, 0, recieved, 2, 68
1, 1457670920.13, 70, 0, internal
1, 1457670920.33, 71, 0, recieved, 0, 69
1, 1457670920.53, 72, 0, sent, 1
1, 1457670920.73, 73, 0, internal
1, 1457670920.93, 74, 0, internal
1, 1457670921.13, 75, 0, sent, 1
1, 1457670921.33, 78, 0, recieved, 2, 77
1, 1457670921.53, 79, 0, internal
1, 1457670921.73, 80, 0, internal
1, 1457670921.93, 81, 0, internal
1, 1457670922.13, 83, 0, recieved, 2, 82
1, 1457670922.33, 84, 0, recieved, 2, 83
1, 1457670922.53, 85, 0, sent, 2
1, 1457670922.73, 86, 0, internal
1, 1457670922.93, 88, 0, recieved, 2, 87
1, 1457670923.13, 89, 0, sent, 1
1, 1457670923.33, 90, 0, internal
1, 1457670923.53, 92, 1, recieved, 2, 91
1, 1457670923.73, 93, 0, recieved, 0, 91
1, 1457670923.93, 94, 0, internal
1, 1457670924.13, 95, 0, internal
1, 1457670924.33, 97, 0, recieved, 2, 96
1, 1457670924.53, 98, 0, sent, 3
1, 1457670924.73, 99, 0, sent, 3
1, 1457670924.93, 100, 0, internal
1, 1457670925.13, 101, 0, sent, 3
1, 1457670925.33, 102, 0, internal
1, 1457670925.53, 103, 0, internal
1, 1457670925.73, 104, 0, internal
1, 1457670925.93, 108, 0, recieved, 2, 107
1, 1457670926.13, 109, 0, internal
1, 1457670926.33, 110, 0, sent, 2
1, 1457670926.53, 111, 0, internal
1, 1457670926.73, 112, 0, internal
1, 1457670926.93, 113, 0, sent, 2
1, 1457670927.13, 114, 0, internal
1, 1457670927.33, 116, 0, recieved, 2, 115
1, 1457670927.53, 117, 0, sent, 2
1, 1457670927.73, 118, 0, internal
1, 1457670927.93, 119, 0, recieved, 0, 117
1, 1457670928.13, 120, 0, internal
1, 1457670928.33, 121, 0, internal
1, 1457670928.53, 122, 0, internal
1, 1457670928.73, 123, 0, internal
1, 1457670928.93, 127, 0, recieved, 2, 126
1, 1457670929.13, 128, 0, internal
1, 1457670929.33, 129, 0, recieved, 2, 128
1, 1457670929.53, 130, 0, internal
1, 1457670929.73, 131, 0, internal
1, 1457670929.93, 132, 1, recieved, 0, 130
1, 1457670930.13, 133, 0, recieved, 2, 132
1, 1457670930.33, 134, 0, internal
1, 1457670930.53, 135, 0, internal
1, 1457670930.73, 136, 0, internal
1, 1457670930.93, 137, 0, sent, 2
1, 1457670931.13, 138, 0, sent, 2
1, 1457670931.33, 139, 0, internal
1, 1457670931.53, 140, 0, sent, 1
1, 1457670931.73, 141, 0, internal
1, 1457670931.93, 142, 0, internal
1, 1457670932.13, 143, 0, internal
1, 1457670932.33, 147, 0, recieved, 0, 146
1, 1457670932.53, 148, 0, internal
1, 1457670932.73, 149, 0, recieved, 2, 148
1, 1457670932.93, 150, 0, internal
1, 1457670933.13, 151, 0, recieved, 0, 150
1, 1457670933.33, 152, 0, sent, 2
1, 1457670933.53, 153, 0, sent, 3
1, 1457670933.73, 154, 0, internal
1, 1457670933.93, 155, 0, internal
1, 1457670934.13, 156, 0, internal
1, 1457670934.33, 157, 0, recieved, 0, 156
1, 1457670934.53, 158, 0, recieved, 0, 157
1, 1457670934.73, 159, 0, internal
1, 1457670934.93, 162, 0, recieved, 2, 161
1, 1457670935.13, 163, 0, sent, 3
1, 1457670935.33, 164, 0, internal
1, 1457670935.53, 165, 0, internal
1, 1457670935.73, 167, 0, recieved, 2, 166
1, 1457670935.93, 168, 0, recieved, 2, 167
1, 1457670936.13, 169, 0, sent, 2
1, 1457670936.33, 170, 0, sent, 1
1, 1457670936.53, 172, 0, recieved, 2, 171
1, 1457670936.73, 173, 0, internal
1, 1457670936.93, 175, 0, recieved, 2, 174
1, 1457670937.13, 176, 0, internal
1, 1457670937.33, 177, 0, recieved, 0, 176
1, 1457670937.53, 178, 0, sent, 1
1, 1457670937.73, 179, 0, sent, 1
1, 1457670937.93, 180, 0, sent, 2
1, 1457670938.13, 181, 0, sent, 2
1, 1457670938.33, 182, 0, internal
1, 1457670938.53, 183, 0, recieved, 0, 182
1, 1457670938.73, 184, 0, internal
1, 1457670938.93, 186, 0, recieved, 2, 185
1, 1457670939.13, 188, 0, recieved, 2, 187
1, 1457670939.33, 189, 0, internal
1, 1457670939.53, 190, 0, recieved, 2, 189
1, 1457670939.73, 191, 0, sent, 2
1, 1457670939.93, 192, 0, internal
1, 1457670940.13, 194, 0, recieved, 2, 193
1, 1457670940.33, 195, 0, recieved, 2, 194
1, 1457670940.53, 196, 0, internal
1, 1457670940.73, 197, 0, internal
1, 1457670940.93, 198, 0, recieved, 0, 196
1, 1457670941.13, 199, 0, sent, 2
1, 1457670941.33, 200, 0, internal
1, 1457670941.53, 202, 0, recieved, 2, 201
1, 1457670941.73, 203, 0, internal
1, 1457670941.93, 204, 0, recieved, 0, 203
1, 1457670942.13, 205, 0, internal
1, 1457670942.33, 206, 0, internal
1, 1457670942.53, 207, 0, internal
1, 1457670942.73, 208, 0, internal
1, 1457670942.93, 209, 0, internal
1, 1457670943.13, 210, 0, internal
1, 1457670943.33, 211, 0, internal
1, 1457670943.53, 214, 1, recieved, 2, 213
1, 1457670943.73, 215, 1, recieved, 0, 213
1, 1457670943.93, 216, 2, recieved, 2, 214
1, 1457670944.13, 217, 1, recieved, 0, 214
1, 1457670944.33, 218, 1, recieved, 2, 215
1, 1457670944.53, 219, 0, recieved, 0, 216
1, 1457670944.73, 220, 0, internal
1, 1457670944.93, 222, 0, recieved, 2, 221
1, 1457670945.13, 223, 0, internal
1, 1457670945.33, 224, 0, sent, 3
1, 1457670945.53, 225, 0, sent, 1
1, 1457670945.73, 226, 0, sent, 3
1, 1457670945.93, 227, 0, sent, 1
1, 1457670946.13, 228, 0, internal
1, 1457670946.33, 229, 0, internal
1, 1457670946.53, 230, 0, recieved, 0, 229
1, 1457670946.73, 231, 0, sent, 2
1, 1457670946.93, 232, 0, sent, 1
1, 1457670947.13, 236, 0, recieved, 2, 235
1, 1457670947.33, 237, 0, internal
1, 1457670947.53, 238, 0, internal
1, 1457670947.73, 239, 0, internal
1, 1457670947.93, 240, 0, internal
1, 1457670948.13, 241, 0, sent, 3
1, 1457670948.33, 242, 0, internal
1, 1457670948.53, 244, 1, recieved, 2, 243
1, 1457670948.73, 245, 0, recieved, 0, 243
1, 1457670948.93, 246, 0, sent, 3
1, 1457670949.13, 247, 0, internal
1, 1457670949.33, 248, 0, sent, 2
1, 1457670949.53, 250, 0, recieved, 0, 249
1, 1457670949.73, 251, 0, internal
1, 1457670949.93, 252, 0, recieved, 2, 251
1, 1457670950.13, 253, 0, recieved, 0, 251
1, 1457670950.33, 254, 0, internal
1, 1457670950.53, 255, 0, internal
1, 1457670950.73, 256, 0, internal
1, 1457670950.93, 257, 0, internal
1, 1457670951.13, 258, 0, internal
1, 1457670951.33, 259, 0, internal
1, 1457670951.53, 260, 0, internal
1, 1457670951.73, 261, 0, internal
1, 1457670951.93, 264, 1, recieved, 2, 263
1, 1457670952.13, 265, 0, recieved, 2, 264
1, 1457670952.33, 266, 0, internal
1, 1457670952.53, 268, 1, recieved, 2, 267
1, 1457670952.73, 269, 0, recieved, 0, 266
1, 1457670952.93, 271, 0, recieved, 2, 270
1, 1457670953.13, 272, 0, recieved, 0, 268
1, 1457670953.33, 273, 0, internal
1, 1457670953.53, 274, 0, sent, 2
1, 1457670953.73, 275, 0, internal
1, 1457670953.93, 276, 0, sent, 2
1, 1457670954.13, 277, 0, internal
1, 1457670954.33, 278, 0, recieved, 0, 273
1, 1457670954.53, 281, 0, recieved, 2, 280
1, 1457670954.73, 282, 0, sent, 3
1, 1457670954.93, 283, 0, sent, 3
1, 1457670955.13, 284, 0, sent, 2
1, 1457670955.33, 285, 0, sent, 2
1, 1457670955.53, 286, 0, internal
1, 1457670955.73, 287, 0, sent, 3
1, 1457670955.93, 288, 0, internal
1, 1457670956.13, 289, 0, internal
1, 1457670956.33, 290, 0, sent, 3
1, 1457670956.53, 291, 0, internal
1, 1457670956.73, 292, 0, internal
1, 1457670956.93, 295, 0, recieved, 2, 294
1, 1457670957.13, 296, 0, sent, 2
1, 1457670957.33, 297, 0, internal
1, 1457670957.53, 298, 0, internal
1, 1457670957.73, 300, 1, recieved, 2, 299
1, 1457670957.93, 301, 1, recieved, 2, 300
1, 1457670958.13, 302, 0, recieved, 2, 301
1, 1457670958.33, 303, 0, internal
1, 1457670958.53, 304, 0, internal
1, 1457670958.73, 305, 0, internal
1, 1457670958.93, 306, 0, internal
1, 1457670959.13, 307, 0, internal
1, 1457670959.33, 308, 0, recieved, 0, 304
1, 1457670959.53, 309, 0, sent, 1
1, 1457670959.73, 310, 0, internal
1, 1457670959.93, 313, 0, recieved, 2, 312
1, 1457670960.13, 314, 0, internal
1, 1457670960.33, 315, 0, sent, 1
1, 1457670960.53, 316, 0, sent, 3
1, 1457670960.73, 317, 0, internal
1, 1457670960.93, 318, 0, internal
1, 1457670961.13, 319, 0, sent, 1
1, 1457670961.33, 320, 0, internal
1, 1457670961.53, 321, 0, sent, 1
1, 1457670961.73, 322, 0, internal
1, 1457670961.93, 323, 0, internal
1, 1457670962.13, 324, 0, sent, 1
1, 1457670962.33, 325, 0, sent, 2
1, 1457670962.53, 326, 0, internal
1, 1457670962.73, 327, 0, sent, 3
1, 1457670962.93, 328, 0, internal
1, 1457670963.13, 329, 0, internal
1, 1457670963.33, 332, 1, recieved, 0, 331
1, 1457670963.53, 334, 1, recieved, 2, 333
1, 1457670963.73, 335, 0, recieved, 2, 334
1, 1457670963.93, 336, 0, internal
1, 1457670964.13, 337, 0, internal
1, 1457670964.33, 338, 0, internal
1, 1457670964.53, 339, 0, internal
1, 1457670964.73, 340, 0, internal
1, 1457670964.93, 344, 0, recieved, 2, 343
1, 1457670965.13, 345, 0, recieved, 2, 344
1, 1457670965.33, 346, 0, internal
1, 1457670965.53, 347, 0, sent, 1
1, 1457670965.73, 348, 0, sent, 2
1, 1457670965.93, 349, 0, internal
1, 1457670966.13, 350, 0, sent, 1
1, 1457670966.33, 351, 0, internal
1, 1457670966.53, 352, 0, internal
1, 1457670966.73, 353, 0, sent, 1
1, 1457670966.93, 355, 0, recieved, 2, 354
1, 1457670967.13, 356, 0, internal
1, 1457670967.33, 357, 0, internal
1, 1457670967.53, 359, 0, recieved, 2, 358
1, 1457670967.73, 360, 0, internal
1, 1457670967.93, 361, 0, internal
1, 1457670968.13, 362, 0, recieved, 0, 358
1, 1457670968.33, 363, 0, internal
1, 1457670968.53, 364, 0, internal
2, 1457670908.73, 2, 0, internal
2, 1457670908.9, 3, 0, recieved, 1, 2
2, 1457670909.06, 4, 0, internal
2, 1457670909.23, 5, 0, sent, 1
2, 1457670909.4, 6, 0, internal
2, 1457670909.56, 7, 0, internal
2, 1457670909.73, 8, 0, sent, 3
2, 1457670909.9, 9, 0, internal
2, 1457670910.06, 10, 0, internal
2, 1457670910.23, 11, 0, internal
2, 1457670910.4, 12, 1, recieved, 0, 10
2, 1457670910.56, 13, 0, recieved, 1, 11
2, 1457670910.73, 14, 0, internal
2, 1457670910.9, 15, 1, recieved, 0, 13
2, 1457670911.06, 16, 1, recieved, 1, 13
2, 1457670911.23, 17, 0, recieved, 1, 14
2, 1457670911.4, 18, 0, internal
2, 1457670911.56, 19, 0, sent, 1
2, 1457670911.73, 20, 0, internal
2, 1457670911.9, 21, 0, recieved, 1, 18
2, 1457670912.06, 22, 0, internal
2, 1457670912.23, 23, 0, internal
2, 1457670912.4, 24, 0, internal
2, 1457670912.56, 25, 0, internal
2, 1457670912.73, 26, 0, internal
2, 1457670912.9, 27, 0, internal
2, 1457670913.06, 28, 0, recieved, 1, 24
2, 1457670913.23, 29, 0, internal
2, 1457670913.4, 30, 0, internal
2, 1457670913.56, 31, 0, internal
2, 1457670913.73, 32, 0, sent, 3
2, 1457670913.9, 33, 0, sent, 2
2, 1457670914.06, 34, 0, internal
2, 1457670914.23, 35, 0, sent, 2
2, 1457670914.4, 36, 0, internal
2, 1457670914.56, 37, 0, internal
2, 1457670914.73, 38, 0, sent, 3
2, 1457670914.9, 39, 0, recieved, 1, 38
2, 1457670915.06, 40, 0, internal
2, 1457670915.23, 41, 0, internal
2, 1457670915.4, 42, 0, recieved, 1, 41
2, 1457670915.56, 43, 0, internal
2, 1457670915.73, 44, 0, internal
2, 1457670915.9, 45, 0, recieved, 1, 43
2, 1457670916.06, 46, 0, sent, 2
2, 1457670916.23, 47, 0, internal
2, 1457670916.4, 48, 0, recieved, 0, 46
2, 1457670916.56, 49, 0, internal
2, 1457670916.73, 50, 0, internal
2, 1457670916.9, 51, 0, internal
2, 1457670917.06, 52, 0, sent, 1
2, 1457670917.23, 53, 0, recieved, 1, 52
2, 1457670917.4, 54, 0, internal
2, 1457670917.56, 55, 0, internal
2, 1457670917.73, 56, 0, internal
2, 1457670917.9, 57, 0, internal
2, 1457670918.06, 58, 0, sent, 2
2, 1457670918.23, 59, 0, internal
2, 1457670918.4, 60, 0, internal
2, 1457670918.56, 61, 0, recieved, 0, 58
2, 1457670918.73, 62, 0, internal
2, 1457670918.9, 63, 0, sent, 3
2, 1457670919.06, 64, 0, internal
2, 1457670919.23, 65, 0, sent, 3
2, 1457670919.4, 66, 0, internal
2, 1457670919.56, 67, 0, internal
2, 1457670919.73, 68, 0, sent, 2
2, 1457670919.9, 69, 0, recieved, 0, 67
2, 1457670920.06, 70, 0, internal
2, 1457670920.23, 71, 0, internal
2, 1457670920.4, 72, 0, recieved, 0, 69
2, 1457670920.56, 73, 0, internal
2, 1457670920.73, 74, 0, internal
2, 1457670920.9, 75, 0, internal
2, 1457670921.06, 76, 0, recieved, 0, 74
2, 1457670921.23, 77, 0, sent, 3
2, 1457670921.4, 78, 0, internal
2, 1457670921.56, 79, 0, internal
2, 1457670921.73, 80, 0, internal
2, 1457670921.9, 81, 0, internal
2, 1457670922.06, 82, 0, sent, 2
2, 1457670922.23, 83, 0, sent, 3
2, 1457670922.4, 84, 0, sent, 1
2, 1457670922.56, 86, 0, recieved, 1, 85
2, 1457670922.73, 87, 0, sent, 3
2, 1457670922.9, 88, 0, internal
2, 1457670923.06, 89, 0, internal
2, 1457670923.23, 90, 0, internal
2, 1457670923.4, 91, 0, sent, 2
2, 1457670923.56, 92, 0, internal
2, 1457670923.73, 93, 0, internal
2, 1457670923.9, 94, 0, recieved, 0, 92
2, 1457670924.06, 95, 0, internal
2, 1457670924.23, 96, 0, sent, 2
2, 1457670924.4, 97, 0, internal
2, 1457670924.56, 99, 0, recieved, 1, 98
2, 1457670924.73, 100, 0, internal
2, 1457670924.9, 101, 0, recieved, 1, 99
2, 1457670925.06, 102, 0, internal
2, 1457670925.23, 103, 0, recieved, 1, 101
2, 1457670925.4, 104, 0, internal
2, 1457670925.56, 105, 0, internal
2, 1457670925.73, 106, 0, internal
2, 1457670925.9, 107, 0, sent, 2
2, 1457670926.06, 108, 0, internal
2, 1457670926.23, 109, 0, internal
2, 1457670926.4, 110, 1, recieved, 0, 106
2, 1457670926.56, 111, 0, recieved, 1, 110
2, 1457670926.73, 112, 0, internal
2, 1457670926.9, 113, 0, recieved, 0, 108
2, 1457670927.06, 114, 0, recieved, 1, 113
2, 1457670927.23, 115, 0, sent, 3
2, 1457670927.4, 116, 0, internal
2, 1457670927.56, 118, 0, recieved, 1, 117
2, 1457670927.73, 119, 0, internal
2, 1457670927.9, 120, 0, recieved, 0, 117
2, 1457670928.06, 121, 0, internal
2, 1457670928.23, 122, 0, internal
2, 1457670928.4, 123, 0, internal
2, 1457670928.56, 124, 0, internal
2, 1457670928.73, 125, 0, internal
2, 1457670928.9, 126, 0, sent, 3
2, 1457670929.06, 127, 0, internal
2, 1457670929.23, 128, 0, sent, 3
2, 1457670929.4, 129, 0, internal
2, 1457670929.56, 130, 0, internal
2, 1457670929.73, 131, 0, internal
2, 1457670929.9, 132, 0, sent, 2
2, 1457670930.06, 133, 0, internal
2, 1457670930.23, 134, 0, internal
2, 1457670930.4, 135, 0, recieved, 0, 132
2, 1457670930.56, 136, 0, recieved, 0, 133
2, 1457670930.73, 137, 0, internal
2, 1457670930.9, 138, 0, internal
2, 1457670931.06, 139, 0, recieved, 1, 137
2, 1457670931.23, 140, 0, recieved, 1, 138
2, 1457670931.4, 141, 0, internal
2, 1457670931.56, 142, 0, internal
2, 1457670931.73, 143, 0, internal
2, 1457670931.9, 144, 0, sent, 1
2, 1457670932.06, 145, 0, internal
2, 1457670932.23, 146, 0, internal
2, 1457670932.4, 147, 0, recieved, 0, 146
2, 1457670932.56, 148, 0, sent, 3
2, 1457670932.73, 149, 0, internal
2, 1457670932.9, 150, 0, internal
2, 1457670933.06, 151, 0, internal
2, 1457670933.23, 152, 0, internal
2, 1457670933.4, 153, 0, recieved, 1, 152
2, 1457670933.56, 154, 0, recieved, 1, 153
2, 1457670933.73, 155, 0, internal
2, 1457670933.9, 156, 0, internal
2, 1457670934.06, 157, 0, internal
2, 1457670934.23, 158, 0, internal
2, 1457670934.4, 159, 0, recieved, 0, 156
2, 1457670934.56, 160, 0, recieved, 0, 157
2, 1457670934.73, 161, 0, sent, 3
2, 1457670934.9, 162, 0, internal
2, 1457670935.06, 163, 0, internal
2, 1457670935.23, 164, 0, recieved, 1, 163
2, 1457670935.4, 165, 0, internal
2, 1457670935.56, 166, 0, sent, 3
2, 1457670935.73, 167, 0, sent, 3
2, 1457670935.9, 168, 0, sent, 1
2, 1457670936.06, 169, 0, sent, 1
2, 1457670936.23, 170, 0, recieved, 1, 169
2, 1457670936.4, 171, 0, sent, 2
2, 1457670936.56, 172, 0, internal
2, 1457670936.73, 173, 0, internal
2, 1457670936.9, 174, 0, sent, 3
2, 1457670937.06, 175, 0, internal
2, 1457670937.23, 176, 0, internal
2, 1457670937.4, 177, 0, internal
2, 1457670937.56, 178, 0, sent, 1
2, 1457670937.73, 179, 0, internal
2, 1457670937.9, 180, 0, internal
2, 1457670938.06, 181, 0, recieved, 1, 180
2, 1457670938.23, 182, 0, recieved, 1, 181
2, 1457670938.4, 183, 0, internal
2, 1457670938.56, 184, 0, recieved, 0, 182
2, 1457670938.73, 185, 0, sent, 2
2, 1457670938.9, 186, 0, internal
2, 1457670939.06, 187, 0, sent, 2
2, 1457670939.23, 188, 0, internal
2, 1457670939.4, 189, 0, sent, 2
2, 1457670939.56, 190, 0, internal
2, 1457670939.73, 191, 0, sent, 1
2, 1457670939.9, 192, 0, recieved, 1, 191
2, 1457670940.06, 193, 0, sent, 3
2, 1457670940.23, 194, 0, sent, 3
2, 1457670940.4, 195, 0, internal
2, 1457670940.56, 196, 0, internal
2, 1457670940.73, 197, 0, sent, 1
2, 1457670940.9, 198, 0, recieved, 0, 196
2, 1457670941.06, 199, 0, sent, 1
2, 1457670941.23, 200, 0, recieved, 1, 199
2, 1457670941.4, 201, 0, sent, 3
2, 1457670941.56, 202, 0, internal
2, 1457670941.73, 203, 0, sent, 1
2, 1457670941.9, 204, 0, recieved, 0, 203
2, 1457670942.06, 205, 0, internal
2, 1457670942.23, 206, 0, internal
2, 1457670942.4, 207, 0, internal
2, 1457670942.56, 208, 0, internal
2, 1457670942.73, 209, 0, internal
2, 1457670942.9, 210, 0, sent, 1
2, 1457670943.06, 211, 0, internal
2, 1457670943.23, 212, 0, internal
2, 1457670943.4, 213, 0, sent, 2
2, 1457670943.56, 214, 0, sent, 2
2, 1457670943.73, 215, 0, sent, 2
2, 1457670943.9, 216, 0, internal
2, 1457670944.06, 217, 0, internal
2, 1457670944.23, 218, 0, internal
2, 1457670944.4, 219, 0, internal
2, 1457670944.56, 220, 0, internal
2, 1457670944.73, 221, 0, sent, 3
2, 1457670944.9, 222, 0, internal
2, 1457670945.06, 223, 0, internal
2, 1457670945.23, 224, 0, internal
2, 1457670945.4, 225, 0, recieved, 1, 224
2, 1457670945.56, 226, 0, internal
2, 1457670945.73, 227, 0, internal
2, 1457670945.9, 228, 0, recieved, 1, 226
2, 1457670946.06, 229, 0, internal
2, 1457670946.23, 230, 0, internal
2, 1457670946.4, 231, 0, internal
2, 1457670946.56, 232, 0, recieved, 0, 229
2, 1457670946.73, 233, 0, sent, 1
2, 1457670946.9, 234, 0, recieved, 1, 231
2, 1457670947.06, 235, 0, sent, 2
2, 1457670947.23, 236, 0, sent, 1
2, 1457670947.4, 237, 0, internal
2, 1457670947.56, 238, 0, internal
2, 1457670947.73, 239, 0, internal
2, 1457670947.9, 240, 0, internal
2, 1457670948.06, 241, 0, internal
2, 1457670948.23, 242, 0, recieved, 1, 241
2, 1457670948.4, 243, 0, sent, 2
2, 1457670948.56, 244, 0, recieved, 0, 243
2, 1457670948.73, 245, 0, internal
2, 1457670948.9, 246, 0, internal
2, 1457670949.06, 247, 0, recieved, 1, 246
2, 1457670949.23, 248, 0, internal
2, 1457670949.4, 249, 0, recieved, 1, 248
2, 1457670949.56, 250, 0, recieved, 0, 249
2, 1457670949.73, 251, 0, sent, 2
2, 1457670949.9, 252, 0, internal
2, 1457670950.06, 253, 0, recieved, 0, 251
2, 1457670950.23, 254, 0, internal
2, 1457670950.4, 255, 0, internal
2, 1457670950.56, 256, 0, internal
2, 1457670950.73, 257, 0, internal
2, 1457670950.9, 258, 0, internal
2, 1457670951.06, 259, 0, internal
2, 1457670951.23, 260, 0, internal
2, 1457670951.4, 261, 0, recieved, 0, 256
2, 1457670951.56, 262, 0, internal
2, 1457670951.73, 263, 0, sent, 3
2, 1457670951.9, 264, 0, sent, 2
2, 1457670952.06, 265, 0, internal
2, 1457670952.23, 266, 0, internal
2, 1457670952.4, 267, 0, sent, 2
2, 1457670952.56, 268, 0, internal
2, 1457670952.73, 269, 0, internal
2, 1457670952.9, 270, 0, sent, 2
2, 1457670953.06, 271, 0, recieved, 0, 268
2, 1457670953.23, 272, 0, internal
2, 1457670953.4, 273, 0, internal
2, 1457670953.56, 275, 0, recieved, 1, 274
2, 1457670953.73, 276, 0, internal
2, 1457670953.9, 277, 0, internal
2, 1457670954.06, 278, 0, recieved, 1, 276
2, 1457670954.23, 279, 0, sent, 1
2, 1457670954.4, 280, 0, sent, 3
2, 1457670954.56, 281, 0, sent, 1
2, 1457670954.73, 282, 0, internal
2, 1457670954.9, 283, 0, recieved, 1, 282
2, 1457670955.06, 284, 0, recieved, 1, 283
2, 1457670955.23, 285, 0, recieved, 1, 284
2, 1457670955.4, 286, 0, recieved, 1, 285
2, 1457670955.56, 287, 0, internal
2, 1457670955.73, 288, 0, internal
2, 1457670955.9, 289, 0, recieved, 1, 287
2, 1457670956.06, 290, 0, internal
2, 1457670956.23, 291, 0, internal
2, 1457670956.4, 292, 0, recieved, 1, 290
2, 1457670956.56, 293, 0, internal
2, 1457670956.73, 294, 0, sent, 3
2, 1457670956.9, 295, 0, internal
2, 1457670957.06, 296, 0, internal
2, 1457670957.23, 297, 0, recieved, 1, 296
2, 1457670957.4, 298, 0, internal
2, 1457670957.56, 299, 0, sent, 2
2, 1457670957.73, 300, 0, sent, 2
2, 1457670957.9, 301, 0, sent, 2
2, 1457670958.06, 302, 0, recieved, 0, 299
2, 1457670958.23, 303, 0, internal
2, 1457670958.4, 304, 0, internal
2, 1457670958.56, 305, 0, internal
2, 1457670958.73, 306, 0, internal
2, 1457670958.9, 307, 0, internal
2, 1457670959.06, 308, 0, internal
2, 1457670959.23, 309, 0, internal
2, 1457670959.4, 310, 0, recieved, 0, 304
2, 1457670959.56, 311, 0, sent, 1
2, 1457670959.73, 312, 0, sent, 2
2, 1457670959.9, 313, 0, internal
2, 1457670960.06, 314, 0, internal
2, 1457670960.23, 315, 0, internal
2, 1457670960.4, 316, 0, internal
2, 1457670960.56, 317, 0, recieved, 1, 316
2, 1457670960.73, 318, 0, internal
2, 1457670960.9, 319, 0, internal
2, 1457670961.06, 320, 0, internal
2, 1457670961.23, 321, 0, internal
2, 1457670961.4, 322, 0, sent, 1
2, 1457670961.56, 323, 0, internal
2, 1457670961.73, 324, 0, internal
2, 1457670961.9, 325, 0, sent, 1
2, 1457670962.06, 326, 0, internal
2, 1457670962.23, 327, 0, sent, 1
2, 1457670962.4, 328, 0, recieved, 1, 325
2, 1457670962.56, 329, 0, internal
2, 1457670962.73, 330, 0, internal
2, 1457670962.9, 331, 0, recieved, 1, 327
2, 1457670963.06, 332, 0, internal
2, 1457670963.23, 333, 0, sent, 3
2, 1457670963.4, 334, 0, sent, 3
2, 1457670963.56, 335, 0, internal
2, 1457670963.73, 336, 0, internal
2, 1457670963.9, 337, 0, internal
2, 1457670964.06, 338, 0, internal
2, 1457670964.23, 339, 0, internal
2, 1457670964.4, 340, 0, internal
2, 1457670964.56, 341, 0, recieved, 0, 338
2, 1457670964.73, 342, 0, internal
2, 1457670964.9, 343, 0, sent, 3
2, 1457670965.06, 344, 0, sent, 3
2, 1457670965.23, 345, 0, sent, 1
2, 1457670965.4, 346, 0, internal
2, 1457670965.56, 347, 0, internal
2, 1457670965.73, 348, 0, sent, 1
2, 1457670965.9, 349, 0, recieved, 1, 348
2, 1457670966.06, 350, 0, internal
2, 1457670966.23, 351, 0, internal
2, 1457670966.4, 352, 0, internal
2, 1457670966.56, 353, 0, recieved, 0, 352
2, 1457670966.73, 354, 0, sent, 2
2, 1457670966.9, 355, 0, internal
2, 1457670967.06, 356, 0, internal
2, 1457670967.23, 357, 0, internal
2, 1457670967.4, 358, 0, sent, 2
2, 1457670967.56, 359, 0, internal
2, 1457670967.73, 360, 0, internal
2, 1457670967.9, 361, 0, internal
2, 1457670968.06, 362, 0, recieved, 0, 358
2, 1457670968.23, 363, 0, internal
2, 1457670968.4, 364, 0, internal
2, 1457670968.56, 365, 0, internal
